0.5,0.0
0.5166666666666666,31.256671980047457
0.5333333333333333,62.513343960094915
0.55,93.77001594014237
0.5666666666666667,125.02668792018983
0.5833333333333333,156.2833599002373
0.6,187.54003188028474
0.6166666666666667,218.7967038603322
0.6333333333333333,250.05337584037966
0.65,281.3100478204271
0.6666666666666666,312.5667198004746
0.6833333333333333,343.823391780522
0.7,375.0800637605695
0.7166666666666667,406.3367357406169
0.7333333333333334,437.5934077206644
0.75,468.85007970071183
0.75,500.1067516807593
0.7333333333333334,531.3634236608067
0.7166666666666667,562.6200956408542
0.7,593.8767676209018
0.6833333333333333,625.1334396009491
0.6666666666666667,656.3901115809965
0.65,687.646783561044
0.6333333333333333,718.9034555410916
0.6166666666666667,750.160127521139
0.6,781.4167995011863
0.5833333333333334,812.6734714812338
0.5666666666666667,843.9301434612814
0.55,875.1868154413288
0.5333333333333333,906.4434874213762
0.5166666666666666,937.7001594014237
0.5,968.9568313814713
0.5166666666666666,31.256671980047457
0.5333333333333333,62.513343960094915
0.55,93.77001594014237
0.5666666666666667,125.02668792018983
0.5833333333333333,156.2833599002373
0.6,187.54003188028474
0.6166666666666667,218.7967038603322
0.6333333333333333,250.05337584037966
0.6499999999999999,281.31004782042714
0.6666666666666667,312.5667198004745
0.6833333333333333,343.823391780522
0.7,375.0800637605695
0.7166666666666667,406.336735740617
0.7333333333333334,437.59340772066435
0.75,468.85007970071183
0.7666666666666666,500.1067516807593
0.7666666666666666,531.3634236608068
0.75,562.6200956408542
0.7333333333333334,593.8767676209017
0.7166666666666667,625.1334396009493
0.7,656.3901115809966
0.6833333333333333,687.646783561044
0.6666666666666667,718.9034555410915
0.6499999999999999,750.1601275211391
0.6333333333333333,781.4167995011865
0.6166666666666667,812.6734714812338
0.6000000000000001,843.9301434612813
0.5833333333333333,875.1868154413289
0.5666666666666667,906.4434874213763
0.55,937.7001594014237
0.5333333333333333,968.9568313814711
0.5166666666666666,1000.2135033615187
0.5333333333333333,62.513343960094915
0.55,93.77001594014237
0.5666666666666667,125.02668792018983
0.5833333333333333,156.2833599002373
0.6,187.54003188028474
0.6166666666666667,218.7967038603322
0.6333333333333333,250.05337584037966
0.65,281.31004782042714
0.6666666666666666,312.5667198004746
0.6833333333333333,343.823391780522
0.7,375.0800637605695
0.7166666666666667,406.3367357406169
0.7333333333333334,437.5934077206644
0.75,468.85007970071183
0.7666666666666666,500.1067516807593
0.7833333333333333,531.3634236608068
0.7833333333333333,562.6200956408543
0.7666666666666666,593.8767676209015
0.75,625.133439600949
0.7333333333333334,656.3901115809967
0.7166666666666667,687.646783561044
0.7,718.9034555410915
0.6833333333333333,750.160127521139
0.6666666666666666,781.4167995011865
0.65,812.673471481234
0.6333333333333333,843.9301434612812
0.6166666666666667,875.1868154413287
0.6,906.4434874213764
0.5833333333333333,937.7001594014237
0.5666666666666667,968.9568313814711
0.55,1000.2135033615186
0.5333333333333333,1031.4701753415661
0.55,93.77001594014237
0.5666666666666667,125.02668792018983
0.5833333333333333,156.2833599002373
0.6,187.54003188028474
0.6166666666666667,218.7967038603322
0.6333333333333333,250.05337584037966
0.6499999999999999,281.31004782042714
0.6666666666666667,312.5667198004746
0.6833333333333333,343.823391780522
0.7,375.0800637605695
0.7166666666666666,406.336735740617
0.7333333333333334,437.59340772066435
0.75,468.85007970071183
0.7666666666666666,500.1067516807593
0.7833333333333333,531.3634236608068
0.8,562.6200956408542
0.8,593.8767676209017
0.7833333333333333,625.133439600949
0.7666666666666666,656.3901115809965
0.75,687.6467835610441
0.7333333333333334,718.9034555410915
0.7166666666666667,750.1601275211389
0.7,781.4167995011863
0.6833333333333333,812.673471481234
0.6666666666666667,843.9301434612813
0.6499999999999999,875.1868154413287
0.6333333333333333,906.4434874213762
0.6166666666666667,937.7001594014238
0.6,968.9568313814711
0.5833333333333333,1000.2135033615185
0.5666666666666667,1031.4701753415661
0.55,1062.7268473216136
0.5666666666666667,125.02668792018983
0.5833333333333333,156.2833599002373
0.6,187.54003188028474
0.6166666666666667,218.7967038603322
0.6333333333333333,250.05337584037966
0.6499999999999999,281.31004782042714
0.6666666666666666,312.5667198004746
0.6833333333333333,343.823391780522
0.7,375.0800637605695
0.7166666666666667,406.3367357406169
0.7333333333333333,437.5934077206644
0.75,468.85007970071183
0.7666666666666666,500.1067516807593
0.7833333333333333,531.3634236608068
0.8,562.6200956408543
0.8166666666666667,593.8767676209017
0.8166666666666667,625.1334396009491
0.8,656.3901115809965
0.7833333333333333,687.646783561044
0.7666666666666666,718.9034555410916
0.75,750.160127521139
0.7333333333333334,781.4167995011863
0.7166666666666667,812.6734714812338
0.7,843.9301434612814
0.6833333333333333,875.1868154413288
0.6666666666666666,906.4434874213762
0.65,937.7001594014237
0.6333333333333333,968.9568313814713
0.6166666666666667,1000.2135033615186
0.6,1031.4701753415661
0.5833333333333333,1062.7268473216136
0.5666666666666667,1093.983519301661
0.5833333333333333,156.2833599002373
0.6,187.54003188028474
0.6166666666666667,218.7967038603322
0.6333333333333333,250.05337584037966
0.6499999999999999,281.31004782042714
0.6666666666666666,312.5667198004746
0.6833333333333333,343.823391780522
0.7,375.0800637605695
0.7166666666666666,406.336735740617
0.7333333333333334,437.59340772066435
0.75,468.85007970071183
0.7666666666666666,500.1067516807593
0.7833333333333333,531.3634236608068
0.8,562.6200956408542
0.8166666666666667,593.8767676209017
0.8333333333333333,625.1334396009491
0.8333333333333333,656.3901115809966
0.8166666666666667,687.646783561044
0.8,718.9034555410915
0.7833333333333333,750.1601275211391
0.7666666666666666,781.4167995011865
0.75,812.6734714812338
0.7333333333333334,843.9301434612813
0.7166666666666666,875.1868154413289
0.7,906.4434874213763
0.6833333333333333,937.7001594014237
0.6666666666666667,968.9568313814711
0.6499999999999999,1000.2135033615187
0.6333333333333333,1031.4701753415661
0.6166666666666667,1062.7268473216134
0.6,1093.9835193016609
0.5833333333333333,1125.2401912817086
0.6,187.54003188028474
0.6166666666666667,218.7967038603322
0.6333333333333333,250.05337584037966
0.6499999999999999,281.31004782042714
0.6666666666666666,312.5667198004746
0.6833333333333333,343.823391780522
0.7,375.0800637605695
0.7166666666666667,406.336735740617
0.7333333333333333,437.5934077206644
0.75,468.85007970071183
0.7666666666666666,500.1067516807593
0.7833333333333333,531.3634236608068
0.8,562.6200956408543
0.8166666666666667,593.8767676209017
0.8333333333333333,625.1334396009491
0.85,656.3901115809965
0.85,687.646783561044
0.8333333333333333,718.9034555410915
0.8166666666666667,750.160127521139
0.8,781.4167995011865
0.7833333333333333,812.673471481234
0.7666666666666666,843.9301434612812
0.75,875.1868154413287
0.7333333333333333,906.4434874213764
0.7166666666666667,937.7001594014237
0.7,968.9568313814711
0.6833333333333333,1000.2135033615186
0.6666666666666666,1031.4701753415661
0.6499999999999999,1062.7268473216136
0.6333333333333333,1093.9835193016609
0.6166666666666667,1125.2401912817083
0.6,1156.496863261756
0.6166666666666667,218.7967038603322
0.6333333333333333,250.05337584037966
0.65,281.31004782042714
0.6666666666666667,312.5667198004746
0.6833333333333333,343.823391780522
0.7,375.0800637605695
0.7166666666666667,406.336735740617
0.7333333333333334,437.5934077206644
0.75,468.85007970071183
0.7666666666666667,500.1067516807593
0.7833333333333333,531.3634236608068
0.8,562.6200956408542
0.8166666666666667,593.8767676209017
0.8333333333333334,625.1334396009491
0.8500000000000001,656.3901115809966
0.8666666666666667,687.646783561044
0.8666666666666667,718.9034555410915
0.8500000000000001,750.1601275211389
0.8333333333333334,781.4167995011863
0.8166666666666667,812.673471481234
0.8,843.9301434612813
0.7833333333333334,875.1868154413287
0.7666666666666667,906.4434874213762
0.75,937.7001594014238
0.7333333333333334,968.9568313814711
0.7166666666666667,1000.2135033615185
0.7000000000000001,1031.4701753415661
0.6833333333333333,1062.7268473216136
0.6666666666666667,1093.983519301661
0.65,1125.2401912817083
0.6333333333333333,1156.4968632617558
0.6166666666666667,1187.7535352418035
0.6333333333333333,250.05337584037966
0.6499999999999999,281.31004782042714
0.6666666666666666,312.5667198004746
0.6833333333333333,343.823391780522
0.7,375.0800637605695
0.7166666666666666,406.336735740617
0.7333333333333333,437.5934077206644
0.75,468.85007970071183
0.7666666666666666,500.1067516807593
0.7833333333333333,531.3634236608068
0.7999999999999999,562.6200956408543
0.8166666666666667,593.8767676209017
0.8333333333333333,625.1334396009491
0.85,656.3901115809965
0.8666666666666667,687.646783561044
0.8833333333333333,718.9034555410915
0.8833333333333333,750.160127521139
0.8666666666666667,781.4167995011863
0.85,812.6734714812338
0.8333333333333333,843.9301434612814
0.8166666666666667,875.1868154413288
0.8,906.4434874213762
0.7833333333333333,937.7001594014237
0.7666666666666666,968.9568313814713
0.75,1000.2135033615186
0.7333333333333333,1031.4701753415661
0.7166666666666667,1062.7268473216136
0.7,1093.983519301661
0.6833333333333333,1125.2401912817086
0.6666666666666666,1156.4968632617558
0.6499999999999999,1187.7535352418033
0.6333333333333333,1219.010207221851
0.65,281.3100478204271
0.6666666666666667,312.5667198004745
0.6833333333333333,343.823391780522
0.7,375.0800637605695
0.7166666666666667,406.3367357406169
0.7333333333333334,437.59340772066435
0.75,468.85007970071183
0.7666666666666667,500.1067516807593
0.7833333333333333,531.3634236608068
0.8,562.6200956408542
0.8166666666666667,593.8767676209017
0.8333333333333334,625.133439600949
0.8500000000000001,656.3901115809965
0.8666666666666667,687.646783561044
0.8833333333333333,718.9034555410915
0.9,750.160127521139
0.9,781.4167995011865
0.8833333333333333,812.6734714812337
0.8666666666666667,843.9301434612812
0.8500000000000001,875.1868154413289
0.8333333333333334,906.4434874213762
0.8166666666666667,937.7001594014237
0.8,968.9568313814711
0.7833333333333333,1000.2135033615186
0.7666666666666667,1031.4701753415661
0.75,1062.7268473216134
0.7333333333333334,1093.9835193016609
0.7166666666666667,1125.2401912817086
0.7,1156.4968632617558
0.6833333333333333,1187.7535352418033
0.6666666666666667,1219.0102072218508
0.65,1250.2668792018983
0.6666666666666666,312.5667198004746
0.6833333333333333,343.823391780522
0.7,375.0800637605695
0.7166666666666666,406.336735740617
0.7333333333333333,437.5934077206644
0.75,468.85007970071183
0.7666666666666666,500.1067516807593
0.7833333333333333,531.3634236608068
0.7999999999999999,562.6200956408543
0.8166666666666667,593.8767676209017
0.8333333333333333,625.1334396009491
0.85,656.3901115809965
0.8666666666666667,687.646783561044
0.8833333333333333,718.9034555410915
0.8999999999999999,750.160127521139
0.9166666666666666,781.4167995011865
0.9166666666666666,812.673471481234
0.8999999999999999,843.9301434612812
0.8833333333333333,875.1868154413287
0.8666666666666667,906.4434874213764
0.85,937.7001594014237
0.8333333333333333,968.9568313814711
0.8166666666666667,1000.2135033615186
0.7999999999999999,1031.4701753415661
0.7833333333333333,1062.7268473216136
0.7666666666666666,1093.9835193016609
0.75,1125.2401912817083
0.7333333333333333,1156.496863261756
0.7166666666666666,1187.7535352418033
0.7,1219.0102072218508
0.6833333333333333,1250.2668792018983
0.6666666666666666,1281.5235511819458
0.6833333333333333,343.823391780522
0.7,375.0800637605695
0.7166666666666667,406.3367357406169
0.7333333333333334,437.59340772066435
0.75,468.85007970071183
0.7666666666666666,500.1067516807593
0.7833333333333333,531.3634236608068
0.8,562.6200956408542
0.8166666666666667,593.8767676209017
0.8333333333333334,625.133439600949
0.85,656.3901115809965
0.8666666666666667,687.646783561044
0.8833333333333333,718.9034555410915
0.9,750.160127521139
0.9166666666666667,781.4167995011865
0.9333333333333333,812.6734714812338
0.9333333333333333,843.9301434612813
0.9166666666666667,875.1868154413287
0.9,906.4434874213762
0.8833333333333333,937.7001594014238
0.8666666666666667,968.9568313814711
0.8500000000000001,1000.2135033615185
0.8333333333333334,1031.4701753415661
0.8166666666666667,1062.7268473216136
0.8,1093.983519301661
0.7833333333333333,1125.2401912817083
0.7666666666666667,1156.4968632617558
0.75,1187.7535352418035
0.7333333333333334,1219.0102072218508
0.7166666666666667,1250.266879201898
0.7,1281.5235511819455
0.6833333333333333,1312.7802231619933
0.7,375.0800637605695
0.7166666666666667,406.336735740617
0.7333333333333334,437.5934077206644
0.75,468.85007970071183
0.7666666666666666,500.1067516807593
0.7833333333333333,531.3634236608068
0.8,562.6200956408543
0.8166666666666667,593.8767676209017
0.8333333333333333,625.1334396009491
0.8500000000000001,656.3901115809965
0.8666666666666667,687.646783561044
0.8833333333333333,718.9034555410915
0.9,750.160127521139
0.9166666666666667,781.4167995011865
0.9333333333333333,812.673471481234
0.95,843.9301434612813
0.95,875.1868154413288
0.9333333333333333,906.4434874213762
0.9166666666666667,937.7001594014237
0.9,968.9568313814713
0.8833333333333333,1000.2135033615186
0.8666666666666667,1031.4701753415661
0.8500000000000001,1062.7268473216136
0.8333333333333333,1093.983519301661
0.8166666666666667,1125.2401912817086
0.8,1156.4968632617558
0.7833333333333334,1187.7535352418033
0.7666666666666666,1219.010207221851
0.75,1250.2668792018983
0.7333333333333334,1281.5235511819455
0.7166666666666667,1312.780223161993
0.7,1344.0368951420407
0.7166666666666667,406.3367357406169
0.7333333333333334,437.59340772066435
0.75,468.85007970071183
0.7666666666666666,500.1067516807593
0.7833333333333333,531.3634236608068
0.8,562.6200956408542
0.8166666666666667,593.8767676209017
0.8333333333333334,625.1334396009491
0.85,656.3901115809965
0.8666666666666667,687.646783561044
0.8833333333333333,718.9034555410915
0.9,750.160127521139
0.9166666666666667,781.4167995011865
0.9333333333333333,812.6734714812338
0.95,843.9301434612813
0.9666666666666667,875.1868154413287
0.9666666666666667,906.4434874213762
0.95,937.7001594014237
0.9333333333333333,968.9568313814711
0.9166666666666667,1000.2135033615186
0.9,1031.4701753415661
0.8833333333333333,1062.7268473216134
0.8666666666666667,1093.9835193016609
0.85,1125.2401912817086
0.8333333333333334,1156.4968632617558
0.8166666666666667,1187.7535352418033
0.8,1219.0102072218508
0.7833333333333333,1250.2668792018983
0.7666666666666666,1281.5235511819458
0.75,1312.780223161993
0.7333333333333334,1344.0368951420405
0.7166666666666667,1375.2935671220882
0.7333333333333334,437.5934077206644
0.75,468.85007970071183
0.7666666666666666,500.1067516807593
0.7833333333333333,531.3634236608068
0.8,562.6200956408543
0.8166666666666667,593.8767676209017
0.8333333333333333,625.1334396009491
0.8500000000000001,656.3901115809966
0.8666666666666667,687.646783561044
0.8833333333333333,718.9034555410915
0.8999999999999999,750.160127521139
0.9166666666666667,781.4167995011865
0.9333333333333333,812.673471481234
0.95,843.9301434612813
0.9666666666666667,875.1868154413288
0.9833333333333334,906.4434874213762
0.9833333333333334,937.7001594014237
0.9666666666666667,968.9568313814711
0.95,1000.2135033615186
0.9333333333333333,1031.4701753415661
0.9166666666666667,1062.7268473216136
0.9,1093.9835193016609
0.8833333333333333,1125.2401912817083
0.8666666666666667,1156.496863261756
0.8500000000000001,1187.7535352418033
0.8333333333333333,1219.0102072218508
0.8166666666666667,1250.2668792018983
0.8,1281.5235511819458
0.7833333333333333,1312.7802231619933
0.7666666666666666,1344.0368951420405
0.75,1375.293567122088
0.7333333333333334,1406.5502391021357
0.75,468.85007970071183
0.7666666666666666,500.1067516807593
0.7833333333333333,531.3634236608068
0.8,562.6200956408542
0.8166666666666667,593.8767676209017
0.8333333333333333,625.1334396009491
0.85,656.3901115809965
0.8666666666666667,687.646783561044
0.8833333333333333,718.9034555410915
0.9,750.160127521139
0.9166666666666666,781.4167995011865
0.9333333333333333,812.6734714812338
0.95,843.9301434612813
0.9666666666666667,875.1868154413287
0.9833333333333334,906.4434874213762
1.0,937.7001594014237
1.0,968.9568313814711
0.9833333333333334,1000.2135033615185
0.9666666666666667,1031.4701753415661
0.95,1062.7268473216136
0.9333333333333333,1093.983519301661
0.9166666666666667,1125.2401912817083
0.9,1156.4968632617558
0.8833333333333333,1187.7535352418035
0.8666666666666667,1219.0102072218508
0.85,1250.266879201898
0.8333333333333334,1281.5235511819455
0.8166666666666667,1312.7802231619933
0.8,1344.0368951420405
0.7833333333333333,1375.293567122088
0.7666666666666666,1406.5502391021355
0.75,1437.806911082183
0.75,500.1067516807593
0.7666666666666666,531.3634236608068
0.7833333333333333,562.6200956408543
0.8,593.8767676209017
0.8166666666666667,625.1334396009491
0.8333333333333333,656.3901115809966
0.85,687.646783561044
0.8666666666666667,718.9034555410915
0.8833333333333333,750.160127521139
0.9,781.4167995011865
0.9166666666666666,812.673471481234
0.9333333333333333,843.9301434612813
0.95,875.1868154413288
0.9666666666666667,906.4434874213762
0.9833333333333334,937.7001594014237
1.0,968.9568313814711
1.0,1000.2135033615186
0.9833333333333334,1031.4701753415661
0.9666666666666667,1062.7268473216136
0.95,1093.983519301661
0.9333333333333333,1125.2401912817086
0.9166666666666667,1156.4968632617558
0.9,1187.7535352418033
0.8833333333333333,1219.010207221851
0.8666666666666667,1250.2668792018983
0.85,1281.5235511819455
0.8333333333333334,1312.780223161993
0.8166666666666667,1344.0368951420407
0.8,1375.293567122088
0.7833333333333333,1406.5502391021355
0.7666666666666666,1437.806911082183
0.75,1469.0635830622305
0.7333333333333334,531.3634236608067
0.75,562.6200956408542
0.7666666666666666,593.8767676209015
0.7833333333333333,625.133439600949
0.8,656.3901115809965
0.8166666666666667,687.646783561044
0.8333333333333333,718.9034555410915
0.8500000000000001,750.1601275211389
0.8666666666666667,781.4167995011863
0.8833333333333333,812.6734714812337
0.8999999999999999,843.9301434612812
0.9166666666666667,875.1868154413287
0.9333333333333333,906.4434874213762
0.95,937.7001594014237
0.9666666666666667,968.9568313814711
0.9833333333333334,1000.2135033615185
0.9833333333333334,1031.4701753415661
0.9666666666666667,1062.7268473216134
0.95,1093.9835193016609
0.9333333333333333,1125.2401912817086
0.9166666666666667,1156.4968632617558
0.9,1187.753535241803
0.8833333333333333,1219.0102072218506
0.8666666666666667,1250.2668792018983
0.8500000000000001,1281.5235511819455
0.8333333333333333,1312.780223161993
0.8166666666666667,1344.0368951420405
0.8,1375.293567122088
0.7833333333333333,1406.5502391021355
0.7666666666666666,1437.806911082183
0.75,1469.0635830622305
0.7333333333333334,1500.320255042278
0.7166666666666667,562.6200956408542
0.7333333333333334,593.8767676209017
0.75,625.133439600949
0.7666666666666666,656.3901115809965
0.7833333333333333,687.646783561044
0.8,718.9034555410915
0.8166666666666667,750.160127521139
0.8333333333333334,781.4167995011863
0.85,812.6734714812338
0.8666666666666667,843.9301434612812
0.8833333333333333,875.1868154413287
0.9,906.4434874213762
0.9166666666666667,937.7001594014237
0.9333333333333333,968.9568313814711
0.95,1000.2135033615186
0.9666666666666667,1031.4701753415661
0.9666666666666667,1062.7268473216136
0.95,1093.9835193016609
0.9333333333333333,1125.2401912817083
0.9166666666666667,1156.496863261756
0.9,1187.7535352418033
0.8833333333333333,1219.0102072218506
0.8666666666666667,1250.266879201898
0.85,1281.5235511819458
0.8333333333333334,1312.780223161993
0.8166666666666667,1344.0368951420405
0.8,1375.293567122088
0.7833333333333333,1406.5502391021355
0.7666666666666666,1437.806911082183
0.75,1469.0635830622305
0.7333333333333334,1500.320255042278
0.7166666666666667,1531.5769270223254
0.7,593.8767676209018
0.7166666666666667,625.1334396009493
0.7333333333333334,656.3901115809967
0.75,687.6467835610441
0.7666666666666666,718.9034555410916
0.7833333333333333,750.1601275211391
0.8,781.4167995011865
0.8166666666666667,812.673471481234
0.8333333333333333,843.9301434612814
0.8500000000000001,875.1868154413289
0.8666666666666667,906.4434874213764
0.8833333333333333,937.7001594014238
0.9,968.9568313814713
0.9166666666666667,1000.2135033615186
0.9333333333333333,1031.4701753415661
0.95,1062.7268473216136
0.95,1093.983519301661
0.9333333333333333,1125.2401912817086
0.9166666666666667,1156.496863261756
0.9,1187.7535352418035
0.8833333333333333,1219.010207221851
0.8666666666666667,1250.2668792018983
0.8500000000000001,1281.5235511819458
0.8333333333333333,1312.7802231619935
0.8166666666666667,1344.0368951420407
0.8,1375.293567122088
0.7833333333333334,1406.5502391021355
0.7666666666666666,1437.8069110821832
0.75,1469.0635830622305
0.7333333333333334,1500.320255042278
0.7166666666666667,1531.5769270223254
0.7,1562.833599002373
0.6833333333333333,625.1334396009491
0.7,656.3901115809966
0.7166666666666667,687.646783561044
0.7333333333333334,718.9034555410915
0.75,750.160127521139
0.7666666666666666,781.4167995011865
0.7833333333333333,812.673471481234
0.8,843.9301434612813
0.8166666666666667,875.1868154413288
0.8333333333333334,906.4434874213762
0.85,937.7001594014237
0.8666666666666667,968.9568313814711
0.8833333333333333,1000.2135033615186
0.9,1031.4701753415661
0.9166666666666667,1062.7268473216136
0.9333333333333333,1093.983519301661
0.9333333333333333,1125.2401912817086
0.9166666666666667,1156.4968632617558
0.9,1187.7535352418033
0.8833333333333333,1219.010207221851
0.8666666666666667,1250.2668792018983
0.8500000000000001,1281.5235511819455
0.8333333333333334,1312.780223161993
0.8166666666666667,1344.0368951420407
0.8,1375.293567122088
0.7833333333333333,1406.5502391021355
0.7666666666666667,1437.806911082183
0.75,1469.0635830622305
0.7333333333333334,1500.320255042278
0.7166666666666667,1531.5769270223254
0.7,1562.833599002373
0.6833333333333333,1594.0902709824204
0.6666666666666667,656.3901115809965
0.6833333333333333,687.646783561044
0.7,718.9034555410915
0.7166666666666667,750.1601275211389
0.7333333333333334,781.4167995011863
0.75,812.6734714812338
0.7666666666666666,843.9301434612812
0.7833333333333334,875.1868154413287
0.8,906.4434874213762
0.8166666666666667,937.7001594014237
0.8333333333333333,968.9568313814711
0.8500000000000001,1000.2135033615185
0.8666666666666667,1031.4701753415661
0.8833333333333333,1062.7268473216134
0.9,1093.9835193016609
0.9166666666666667,1125.2401912817083
0.9166666666666667,1156.4968632617558
0.9,1187.753535241803
0.8833333333333333,1219.0102072218506
0.8666666666666667,1250.2668792018983
0.8500000000000001,1281.5235511819455
0.8333333333333334,1312.780223161993
0.8166666666666667,1344.0368951420405
0.8,1375.293567122088
0.7833333333333334,1406.5502391021355
0.7666666666666666,1437.806911082183
0.75,1469.0635830622305
0.7333333333333334,1500.320255042278
0.7166666666666667,1531.5769270223254
0.7,1562.8335990023727
0.6833333333333333,1594.0902709824202
0.6666666666666667,1625.346942962468
0.65,687.646783561044
0.6666666666666667,718.9034555410915
0.6833333333333333,750.160127521139
0.7,781.4167995011863
0.7166666666666667,812.6734714812338
0.7333333333333334,843.9301434612813
0.75,875.1868154413287
0.7666666666666667,906.4434874213762
0.7833333333333333,937.7001594014237
0.8,968.9568313814711
0.8166666666666667,1000.2135033615186
0.8333333333333334,1031.4701753415661
0.8500000000000001,1062.7268473216136
0.8666666666666667,1093.9835193016609
0.8833333333333333,1125.2401912817083
0.9,1156.4968632617558
0.9,1187.7535352418033
0.8833333333333333,1219.0102072218506
0.8666666666666667,1250.266879201898
0.8500000000000001,1281.5235511819458
0.8333333333333334,1312.780223161993
0.8166666666666667,1344.0368951420405
0.8,1375.293567122088
0.7833333333333333,1406.5502391021355
0.7666666666666667,1437.806911082183
0.75,1469.0635830622305
0.7333333333333334,1500.320255042278
0.7166666666666667,1531.5769270223254
0.7,1562.833599002373
0.6833333333333333,1594.0902709824202
0.6666666666666667,1625.3469429624677
0.65,1656.6036149425154
0.6333333333333333,718.9034555410916
0.6499999999999999,750.1601275211391
0.6666666666666666,781.4167995011865
0.6833333333333333,812.673471481234
0.7,843.9301434612814
0.7166666666666666,875.1868154413289
0.7333333333333333,906.4434874213764
0.75,937.7001594014238
0.7666666666666666,968.9568313814713
0.7833333333333333,1000.2135033615186
0.7999999999999999,1031.4701753415661
0.8166666666666667,1062.7268473216136
0.8333333333333333,1093.983519301661
0.85,1125.2401912817086
0.8666666666666667,1156.496863261756
0.8833333333333333,1187.7535352418035
0.8833333333333333,1219.010207221851
0.8666666666666667,1250.2668792018983
0.85,1281.5235511819458
0.8333333333333333,1312.7802231619935
0.8166666666666667,1344.0368951420407
0.8,1375.293567122088
0.7833333333333333,1406.5502391021355
0.7666666666666666,1437.8069110821832
0.75,1469.0635830622305
0.7333333333333333,1500.320255042278
0.7166666666666667,1531.5769270223254
0.7,1562.833599002373
0.6833333333333333,1594.0902709824204
0.6666666666666666,1625.346942962468
0.6499999999999999,1656.6036149425154
0.6333333333333333,1687.8602869225629
0.6166666666666667,750.160127521139
0.6333333333333333,781.4167995011865
0.65,812.673471481234
0.6666666666666667,843.9301434612813
0.6833333333333333,875.1868154413288
0.7,906.4434874213763
0.7166666666666667,937.7001594014237
0.7333333333333334,968.9568313814711
0.75,1000.2135033615186
0.7666666666666667,1031.4701753415661
0.7833333333333333,1062.7268473216136
0.8,1093.983519301661
0.8166666666666667,1125.2401912817086
0.8333333333333334,1156.4968632617558
0.8500000000000001,1187.7535352418033
0.8666666666666667,1219.0102072218508
0.8666666666666667,1250.2668792018983
0.8500000000000001,1281.5235511819455
0.8333333333333334,1312.780223161993
0.8166666666666667,1344.0368951420407
0.8,1375.293567122088
0.7833333333333334,1406.5502391021355
0.7666666666666667,1437.806911082183
0.75,1469.0635830622305
0.7333333333333334,1500.320255042278
0.7166666666666667,1531.5769270223254
0.7000000000000001,1562.833599002373
0.6833333333333333,1594.0902709824204
0.6666666666666667,1625.346942962468
0.65,1656.6036149425152
0.6333333333333333,1687.8602869225626
0.6166666666666667,1719.1169589026103
0.6,781.4167995011863
0.6166666666666667,812.6734714812338
0.6333333333333333,843.9301434612812
0.6499999999999999,875.1868154413287
0.6666666666666666,906.4434874213762
0.6833333333333333,937.7001594014237
0.7,968.9568313814711
0.7166666666666667,1000.2135033615185
0.7333333333333333,1031.4701753415661
0.75,1062.7268473216134
0.7666666666666666,1093.9835193016609
0.7833333333333333,1125.2401912817083
0.8,1156.4968632617558
0.8166666666666667,1187.7535352418033
0.8333333333333333,1219.0102072218508
0.85,1250.266879201898
0.85,1281.5235511819455
0.8333333333333333,1312.780223161993
0.8166666666666667,1344.0368951420405
0.8,1375.293567122088
0.7833333333333333,1406.5502391021355
0.7666666666666666,1437.806911082183
0.75,1469.0635830622305
0.7333333333333333,1500.320255042278
0.7166666666666667,1531.5769270223254
0.7,1562.8335990023727
0.6833333333333333,1594.0902709824202
0.6666666666666666,1625.346942962468
0.6499999999999999,1656.6036149425152
0.6333333333333333,1687.8602869225624
0.6166666666666667,1719.11695890261
0.6,1750.3736308826576
0.5833333333333334,812.6734714812338
0.6000000000000001,843.9301434612813
0.6166666666666667,875.1868154413287
0.6333333333333333,906.4434874213762
0.65,937.7001594014237
0.6666666666666667,968.9568313814711
0.6833333333333333,1000.2135033615186
0.7000000000000001,1031.4701753415661
0.7166666666666667,1062.7268473216136
0.7333333333333334,1093.9835193016609
0.75,1125.2401912817083
0.7666666666666667,1156.4968632617558
0.7833333333333334,1187.7535352418033
0.8,1219.0102072218508
0.8166666666666667,1250.2668792018983
0.8333333333333334,1281.5235511819455
0.8333333333333334,1312.780223161993
0.8166666666666667,1344.0368951420405
0.8,1375.293567122088
0.7833333333333334,1406.5502391021355
0.7666666666666667,1437.806911082183
0.75,1469.0635830622305
0.7333333333333334,1500.320255042278
0.7166666666666667,1531.5769270223254
0.7000000000000001,1562.833599002373
0.6833333333333333,1594.0902709824202
0.6666666666666667,1625.3469429624677
0.65,1656.6036149425154
0.6333333333333333,1687.8602869225626
0.6166666666666667,1719.11695890261
0.6000000000000001,1750.3736308826574
0.5833333333333334,1781.630302862705
0.5666666666666667,843.9301434612814
0.5833333333333333,875.1868154413289
0.6,906.4434874213764
0.6166666666666667,937.7001594014238
0.6333333333333333,968.9568313814713
0.6499999999999999,1000.2135033615187
0.6666666666666666,1031.4701753415661
0.6833333333333333,1062.7268473216136
0.7,1093.983519301661
0.7166666666666667,1125.2401912817086
0.7333333333333333,1156.496863261756
0.75,1187.7535352418035
0.7666666666666666,1219.010207221851
0.7833333333333333,1250.2668792018983
0.8,1281.5235511819458
0.8166666666666667,1312.7802231619933
0.8166666666666667,1344.0368951420407
0.8,1375.293567122088
0.7833333333333333,1406.5502391021355
0.7666666666666666,1437.8069110821832
0.75,1469.0635830622305
0.7333333333333334,1500.320255042278
0.7166666666666667,1531.5769270223254
0.7,1562.833599002373
0.6833333333333333,1594.0902709824204
0.6666666666666666,1625.346942962468
0.65,1656.6036149425154
0.6333333333333333,1687.8602869225629
0.6166666666666667,1719.1169589026103
0.6,1750.3736308826576
0.5833333333333333,1781.630302862705
0.5666666666666667,1812.8869748427528
0.55,875.1868154413288
0.5666666666666667,906.4434874213763
0.5833333333333333,937.7001594014237
0.6,968.9568313814711
0.6166666666666667,1000.2135033615186
0.6333333333333333,1031.4701753415661
0.6499999999999999,1062.7268473216136
0.6666666666666667,1093.983519301661
0.6833333333333333,1125.2401912817086
0.7,1156.4968632617558
0.7166666666666666,1187.7535352418033
0.7333333333333334,1219.0102072218508
0.75,1250.2668792018983
0.7666666666666666,1281.5235511819458
0.7833333333333333,1312.7802231619933
0.8,1344.0368951420405
0.8,1375.293567122088
0.7833333333333333,1406.5502391021355
0.7666666666666666,1437.806911082183
0.75,1469.0635830622305
0.7333333333333334,1500.320255042278
0.7166666666666667,1531.5769270223254
0.7,1562.833599002373
0.6833333333333333,1594.0902709824204
0.6666666666666667,1625.346942962468
0.6499999999999999,1656.6036149425152
0.6333333333333333,1687.8602869225626
0.6166666666666667,1719.1169589026103
0.6,1750.3736308826576
0.5833333333333333,1781.6303028627049
0.5666666666666667,1812.8869748427524
0.55,1844.1436468228
0.5333333333333333,906.4434874213762
0.55,937.7001594014237
0.5666666666666667,968.9568313814711
0.5833333333333333,1000.2135033615185
0.6,1031.4701753415661
0.6166666666666667,1062.7268473216134
0.6333333333333333,1093.9835193016609
0.65,1125.2401912817083
0.6666666666666666,1156.4968632617558
0.6833333333333333,1187.7535352418033
0.7,1219.0102072218508
0.7166666666666667,1250.266879201898
0.7333333333333334,1281.5235511819455
0.75,1312.780223161993
0.7666666666666666,1344.0368951420405
0.7833333333333333,1375.293567122088
0.7833333333333333,1406.5502391021355
0.7666666666666666,1437.806911082183
0.75,1469.0635830622305
0.7333333333333334,1500.320255042278
0.7166666666666667,1531.5769270223254
0.7,1562.8335990023727
0.6833333333333333,1594.0902709824202
0.6666666666666666,1625.346942962468
0.65,1656.6036149425152
0.6333333333333333,1687.8602869225624
0.6166666666666667,1719.11695890261
0.6,1750.3736308826576
0.5833333333333333,1781.6303028627049
0.5666666666666667,1812.8869748427524
0.55,1844.1436468227998
0.5333333333333333,1875.4003188028473
0.5166666666666666,937.7001594014237
0.5333333333333333,968.9568313814711
0.55,1000.2135033615186
0.5666666666666667,1031.4701753415661
0.5833333333333333,1062.7268473216136
0.6,1093.9835193016609
0.6166666666666667,1125.2401912817083
0.6333333333333333,1156.4968632617558
0.6499999999999999,1187.7535352418033
0.6666666666666667,1219.0102072218508
0.6833333333333333,1250.2668792018983
0.7,1281.5235511819455
0.7166666666666667,1312.780223161993
0.7333333333333334,1344.0368951420405
0.75,1375.293567122088
0.7666666666666666,1406.5502391021355
0.7666666666666666,1437.806911082183
0.75,1469.0635830622305
0.7333333333333334,1500.320255042278
0.7166666666666667,1531.5769270223254
0.7,1562.833599002373
0.6833333333333333,1594.0902709824202
0.6666666666666667,1625.3469429624677
0.6499999999999999,1656.6036149425154
0.6333333333333333,1687.8602869225626
0.6166666666666667,1719.11695890261
0.6000000000000001,1750.3736308826574
0.5833333333333333,1781.630302862705
0.5666666666666667,1812.8869748427524
0.55,1844.1436468227998
0.5333333333333333,1875.4003188028473
0.5166666666666666,1906.6569907828948
0.5,968.9568313814713
0.5166666666666666,1000.2135033615187
0.5333333333333333,1031.4701753415661
0.55,1062.7268473216136
0.5666666666666667,1093.983519301661
0.5833333333333333,1125.2401912817086
0.6,1156.496863261756
0.6166666666666667,1187.7535352418035
0.6333333333333333,1219.010207221851
0.65,1250.2668792018983
0.6666666666666666,1281.5235511819458
0.6833333333333333,1312.7802231619933
0.7,1344.0368951420407
0.7166666666666667,1375.2935671220882
0.7333333333333334,1406.5502391021357
0.75,1437.806911082183
0.75,1469.0635830622305
0.7333333333333334,1500.320255042278
0.7166666666666667,1531.5769270223254
0.7,1562.833599002373
0.6833333333333333,1594.0902709824204
0.6666666666666667,1625.346942962468
0.65,1656.6036149425154
0.6333333333333333,1687.8602869225629
0.6166666666666667,1719.1169589026103
0.6,1750.3736308826576
0.5833333333333334,1781.630302862705
0.5666666666666667,1812.8869748427528
0.55,1844.1436468228
0.5333333333333333,1875.4003188028473
0.5166666666666666,1906.6569907828948
0.5,1937.9136627629425