0.5,0.0
0.5166666666666666,0.0
0.5333333333333333,0.0
0.55,0.0
0.5666666666666667,0.0
0.5833333333333333,0.0
0.6,0.0
0.6166666666666667,0.0
0.6333333333333333,0.0
0.65,0.0
0.6666666666666666,0.0
0.6833333333333333,0.0
0.7,0.0
0.7166666666666667,0.0
0.7333333333333334,0.0
0.75,0.0
0.75,0.0
0.7333333333333334,0.0
0.7166666666666667,0.0
0.7,0.0
0.6833333333333333,0.0
0.6666666666666667,0.0
0.65,0.0
0.6333333333333333,0.0
0.6166666666666667,0.0
0.6,0.0
0.5833333333333334,0.0
0.5666666666666667,0.0
0.55,0.0
0.5333333333333333,0.0
0.5166666666666666,0.0
0.5,0.0
0.5166666666666666,0.0
0.5333333333333333,0.0
0.55,0.0
0.5666666666666667,0.0
0.5833333333333333,0.0
0.6,0.0
0.6166666666666667,0.0
0.6333333333333333,0.0
0.6499999999999999,0.0
0.6666666666666667,0.0
0.6833333333333333,0.0
0.7,0.0
0.7166666666666667,0.0
0.7333333333333334,0.0
0.75,0.0
0.7666666666666666,0.0
0.7666666666666666,0.0
0.75,0.0
0.7333333333333334,0.0
0.7166666666666667,0.0
0.7,0.0
0.6833333333333333,0.0
0.6666666666666667,0.0
0.6499999999999999,0.0
0.6333333333333333,0.0
0.6166666666666667,0.0
0.6000000000000001,0.0
0.5833333333333333,0.0
0.5666666666666667,0.0
0.55,0.0
0.5333333333333333,0.0
0.5166666666666666,0.0
0.5333333333333333,0.0
0.55,0.0
0.5666666666666667,0.0
0.5833333333333333,0.0
0.6,0.0
0.6166666666666667,0.0
0.6333333333333333,0.0
0.65,0.0
0.6666666666666666,0.0
0.6833333333333333,0.0
0.7,0.0
0.7166666666666667,0.0
0.7333333333333334,0.0
0.75,0.0
0.7666666666666666,0.0
0.7833333333333333,0.0
0.7833333333333333,0.0
0.7666666666666666,0.0
0.75,0.0
0.7333333333333334,0.0
0.7166666666666667,0.0
0.7,0.0
0.6833333333333333,0.0
0.6666666666666666,0.0
0.65,0.0
0.6333333333333333,0.0
0.6166666666666667,0.0
0.6,0.0
0.5833333333333333,0.0
0.5666666666666667,0.0
0.55,0.0
0.5333333333333333,0.0
0.55,0.0
0.5666666666666667,0.0
0.5833333333333333,0.0
0.6,0.0
0.6166666666666667,0.0
0.6333333333333333,0.0
0.6499999999999999,0.0
0.6666666666666667,0.0
0.6833333333333333,0.0
0.7,0.0
0.7166666666666666,0.0
0.7333333333333334,0.0
0.75,0.0
0.7666666666666666,0.0
0.7833333333333333,0.0
0.8,0.0
0.8,0.0
0.7833333333333333,0.0
0.7666666666666666,0.0
0.75,0.0
0.7333333333333334,0.0
0.7166666666666667,0.0
0.7,0.0
0.6833333333333333,0.0
0.6666666666666667,0.0
0.6499999999999999,0.0
0.6333333333333333,0.0
0.6166666666666667,0.0
0.6,0.0
0.5833333333333333,0.0
0.5666666666666667,0.0
0.55,0.0
0.5666666666666667,0.0
0.5833333333333333,0.0
0.6,0.0
0.6166666666666667,0.0
0.6333333333333333,0.0
0.6499999999999999,0.0
0.6666666666666666,0.0
0.6833333333333333,0.0
0.7,0.0
0.7166666666666667,0.0
0.7333333333333333,0.0
0.75,0.0
0.7666666666666666,0.0
0.7833333333333333,0.0
0.8,0.0
0.8166666666666667,0.0
0.8166666666666667,0.0
0.8,0.0
0.7833333333333333,0.0
0.7666666666666666,0.0
0.75,0.0
0.7333333333333334,0.0
0.7166666666666667,0.0
0.7,0.0
0.6833333333333333,0.0
0.6666666666666666,0.0
0.65,0.0
0.6333333333333333,0.0
0.6166666666666667,0.0
0.6,0.0
0.5833333333333333,0.0
0.5666666666666667,0.0
0.5833333333333333,0.0
0.6,0.0
0.6166666666666667,0.0
0.6333333333333333,0.0
0.6499999999999999,0.0
0.6666666666666666,0.0
0.6833333333333333,0.0
0.7,0.0
0.7166666666666666,0.0
0.7333333333333334,0.0
0.75,0.0
0.7666666666666666,0.0
0.7833333333333333,0.0
0.8,0.0
0.8166666666666667,0.0
0.8333333333333333,0.0
0.8333333333333333,0.0
0.8166666666666667,0.0
0.8,0.0
0.7833333333333333,0.0
0.7666666666666666,0.0
0.75,0.0
0.7333333333333334,0.0
0.7166666666666666,0.0
0.7,0.0
0.6833333333333333,0.0
0.6666666666666667,0.0
0.6499999999999999,0.0
0.6333333333333333,0.0
0.6166666666666667,0.0
0.6,0.0
0.5833333333333333,0.0
0.6,0.0
0.6166666666666667,0.0
0.6333333333333333,0.0
0.6499999999999999,0.0
0.6666666666666666,0.0
0.6833333333333333,0.0
0.7,0.0
0.7166666666666667,0.0
0.7333333333333333,0.0
0.75,0.0
0.7666666666666666,0.0
0.7833333333333333,0.0
0.8,0.0
0.8166666666666667,0.0
0.8333333333333333,0.0
0.85,0.0
0.85,0.0
0.8333333333333333,0.0
0.8166666666666667,0.0
0.8,0.0
0.7833333333333333,0.0
0.7666666666666666,0.0
0.75,0.0
0.7333333333333333,0.0
0.7166666666666667,0.0
0.7,0.0
0.6833333333333333,0.0
0.6666666666666666,0.0
0.6499999999999999,0.0
0.6333333333333333,0.0
0.6166666666666667,0.0
0.6,0.0
0.6166666666666667,0.0
0.6333333333333333,0.0
0.65,0.0
0.6666666666666667,0.0
0.6833333333333333,0.0
0.7,0.0
0.7166666666666667,0.0
0.7333333333333334,0.0
0.75,0.0
0.7666666666666667,0.0
0.7833333333333333,0.0
0.8,0.0
0.8166666666666667,0.0
0.8333333333333334,0.0
0.8500000000000001,0.0
0.8666666666666667,0.0
0.8666666666666667,0.0
0.8500000000000001,0.0
0.8333333333333334,0.0
0.8166666666666667,0.0
0.8,0.0
0.7833333333333334,0.0
0.7666666666666667,0.0
0.75,0.0
0.7333333333333334,0.0
0.7166666666666667,0.0
0.7000000000000001,0.0
0.6833333333333333,0.0
0.6666666666666667,0.0
0.65,0.0
0.6333333333333333,0.0
0.6166666666666667,0.0
0.6333333333333333,0.0
0.6499999999999999,0.0
0.6666666666666666,0.0
0.6833333333333333,0.0
0.7,0.0
0.7166666666666666,0.0
0.7333333333333333,0.0
0.75,0.0
0.7666666666666666,0.0
0.7833333333333333,0.0
0.7999999999999999,0.0
0.8166666666666667,0.0
0.8333333333333333,0.0
0.85,0.0
0.8666666666666667,0.0
0.8833333333333333,0.0
0.8833333333333333,0.0
0.8666666666666667,0.0
0.85,0.0
0.8333333333333333,0.0
0.8166666666666667,0.0
0.8,0.0
0.7833333333333333,0.0
0.7666666666666666,0.0
0.75,0.0
0.7333333333333333,0.0
0.7166666666666667,0.0
0.7,0.0
0.6833333333333333,0.0
0.6666666666666666,0.0
0.6499999999999999,0.0
0.6333333333333333,0.0
0.65,0.0
0.6666666666666667,0.0
0.6833333333333333,0.0
0.7,0.0
0.7166666666666667,0.0
0.7333333333333334,0.0
0.75,0.0
0.7666666666666667,0.0
0.7833333333333333,0.0
0.8,0.0
0.8166666666666667,0.0
0.8333333333333334,0.0
0.8500000000000001,0.0
0.8666666666666667,0.0
0.8833333333333333,0.0
0.9,0.0
0.9,0.0
0.8833333333333333,0.0
0.8666666666666667,0.0
0.8500000000000001,0.0
0.8333333333333334,0.0
0.8166666666666667,0.0
0.8,0.0
0.7833333333333333,0.0
0.7666666666666667,0.0
0.75,0.0
0.7333333333333334,0.0
0.7166666666666667,0.0
0.7,0.0
0.6833333333333333,0.0
0.6666666666666667,0.0
0.65,0.0
0.6666666666666666,0.0
0.6833333333333333,0.0
0.7,0.0
0.7166666666666666,0.0
0.7333333333333333,0.0
0.75,0.0
0.7666666666666666,0.0
0.7833333333333333,0.0
0.7999999999999999,0.0
0.8166666666666667,0.0
0.8333333333333333,0.0
0.85,0.0
0.8666666666666667,0.0
0.8833333333333333,0.0
0.8999999999999999,0.0
0.9166666666666666,0.0
0.9166666666666666,0.0
0.8999999999999999,0.0
0.8833333333333333,0.0
0.8666666666666667,0.0
0.85,0.0
0.8333333333333333,0.0
0.8166666666666667,0.0
0.7999999999999999,0.0
0.7833333333333333,0.0
0.7666666666666666,0.0
0.75,0.0
0.7333333333333333,0.0
0.7166666666666666,0.0
0.7,0.0
0.6833333333333333,0.0
0.6666666666666666,0.0
0.6833333333333333,0.0
0.7,0.0
0.7166666666666667,0.0
0.7333333333333334,0.0
0.75,0.0
0.7666666666666666,0.0
0.7833333333333333,0.0
0.8,0.0
0.8166666666666667,0.0
0.8333333333333334,0.0
0.85,0.0
0.8666666666666667,0.0
0.8833333333333333,0.0
0.9,0.0
0.9166666666666667,0.0
0.9333333333333333,0.0
0.9333333333333333,0.0
0.9166666666666667,0.0
0.9,0.0
0.8833333333333333,0.0
0.8666666666666667,0.0
0.8500000000000001,0.0
0.8333333333333334,0.0
0.8166666666666667,0.0
0.8,0.0
0.7833333333333333,0.0
0.7666666666666667,0.0
0.75,0.0
0.7333333333333334,0.0
0.7166666666666667,0.0
0.7,0.0
0.6833333333333333,0.0
0.7,0.0
0.7166666666666667,0.0
0.7333333333333334,0.0
0.75,0.0
0.7666666666666666,0.0
0.7833333333333333,0.0
0.8,0.0
0.8166666666666667,0.0
0.8333333333333333,0.0
0.8500000000000001,0.0
0.8666666666666667,0.0
0.8833333333333333,0.0
0.9,0.0
0.9166666666666667,0.0
0.9333333333333333,0.0
0.95,0.0
0.95,0.0
0.9333333333333333,0.0
0.9166666666666667,0.0
0.9,0.0
0.8833333333333333,0.0
0.8666666666666667,0.0
0.8500000000000001,0.0
0.8333333333333333,0.0
0.8166666666666667,0.0
0.8,0.0
0.7833333333333334,0.0
0.7666666666666666,0.0
0.75,0.0
0.7333333333333334,0.0
0.7166666666666667,0.0
0.7,0.0
0.7166666666666667,0.0
0.7333333333333334,0.0
0.75,0.0
0.7666666666666666,0.0
0.7833333333333333,0.0
0.8,0.0
0.8166666666666667,0.0
0.8333333333333334,0.0
0.85,0.0
0.8666666666666667,0.0
0.8833333333333333,0.0
0.9,0.0
0.9166666666666667,0.0
0.9333333333333333,0.0
0.95,0.0
0.9666666666666667,0.0
0.9666666666666667,0.0
0.95,0.0
0.9333333333333333,0.0
0.9166666666666667,0.0
0.9,0.0
0.8833333333333333,0.0
0.8666666666666667,0.0
0.85,0.0
0.8333333333333334,0.0
0.8166666666666667,0.0
0.8,0.0
0.7833333333333333,0.0
0.7666666666666666,0.0
0.75,0.0
0.7333333333333334,0.0
0.7166666666666667,0.0
0.7333333333333334,0.0
0.75,0.0
0.7666666666666666,0.0
0.7833333333333333,0.0
0.8,0.0
0.8166666666666667,0.0
0.8333333333333333,0.0
0.8500000000000001,0.0
0.8666666666666667,0.0
0.8833333333333333,0.0
0.8999999999999999,0.0
0.9166666666666667,0.0
0.9333333333333333,0.0
0.95,0.0
0.9666666666666667,0.0
0.9833333333333334,0.0
0.9833333333333334,0.0
0.9666666666666667,0.0
0.95,0.0
0.9333333333333333,0.0
0.9166666666666667,0.0
0.9,0.0
0.8833333333333333,0.0
0.8666666666666667,0.0
0.8500000000000001,0.0
0.8333333333333333,0.0
0.8166666666666667,0.0
0.8,0.0
0.7833333333333333,0.0
0.7666666666666666,0.0
0.75,0.0
0.7333333333333334,0.0
0.75,0.0
0.7666666666666666,0.0
0.7833333333333333,0.0
0.8,0.0
0.8166666666666667,0.0
0.8333333333333333,0.0
0.85,0.0
0.8666666666666667,0.0
0.8833333333333333,0.0
0.9,0.0
0.9166666666666666,0.0
0.9333333333333333,0.0
0.95,0.0
0.9666666666666667,0.0
0.9833333333333334,0.0
1.0,0.0
1.0,0.0
0.9833333333333334,0.0
0.9666666666666667,0.0
0.95,0.0
0.9333333333333333,0.0
0.9166666666666667,0.0
0.9,0.0
0.8833333333333333,0.0
0.8666666666666667,0.0
0.85,0.0
0.8333333333333334,0.0
0.8166666666666667,0.0
0.8,0.0
0.7833333333333333,0.0
0.7666666666666666,0.0
0.75,0.0
0.75,0.0
0.7666666666666666,0.0
0.7833333333333333,0.0
0.8,0.0
0.8166666666666667,0.0
0.8333333333333333,0.0
0.85,0.0
0.8666666666666667,0.0
0.8833333333333333,0.0
0.9,0.0
0.9166666666666666,0.0
0.9333333333333333,0.0
0.95,0.0
0.9666666666666667,0.0
0.9833333333333334,0.0
1.0,0.0
1.0,0.0
0.9833333333333334,0.0
0.9666666666666667,0.0
0.95,0.0
0.9333333333333333,0.0
0.9166666666666667,0.0
0.9,0.0
0.8833333333333333,0.0
0.8666666666666667,0.0
0.85,0.0
0.8333333333333334,0.0
0.8166666666666667,0.0
0.8,0.0
0.7833333333333333,0.0
0.7666666666666666,0.0
0.75,0.0
0.7333333333333334,0.0
0.75,0.0
0.7666666666666666,0.0
0.7833333333333333,0.0
0.8,0.0
0.8166666666666667,0.0
0.8333333333333333,0.0
0.8500000000000001,0.0
0.8666666666666667,0.0
0.8833333333333333,0.0
0.8999999999999999,0.0
0.9166666666666667,0.0
0.9333333333333333,0.0
0.95,0.0
0.9666666666666667,0.0
0.9833333333333334,0.0
0.9833333333333334,0.0
0.9666666666666667,0.0
0.95,0.0
0.9333333333333333,0.0
0.9166666666666667,0.0
0.9,0.0
0.8833333333333333,0.0
0.8666666666666667,0.0
0.8500000000000001,0.0
0.8333333333333333,0.0
0.8166666666666667,0.0
0.8,0.0
0.7833333333333333,0.0
0.7666666666666666,0.0
0.75,0.0
0.7333333333333334,0.0
0.7166666666666667,0.0
0.7333333333333334,0.0
0.75,0.0
0.7666666666666666,0.0
0.7833333333333333,0.0
0.8,0.0
0.8166666666666667,0.0
0.8333333333333334,0.0
0.85,0.0
0.8666666666666667,0.0
0.8833333333333333,0.0
0.9,0.0
0.9166666666666667,0.0
0.9333333333333333,0.0
0.95,0.0
0.9666666666666667,0.0
0.9666666666666667,0.0
0.95,0.0
0.9333333333333333,0.0
0.9166666666666667,0.0
0.9,0.0
0.8833333333333333,0.0
0.8666666666666667,0.0
0.85,0.0
0.8333333333333334,0.0
0.8166666666666667,0.0
0.8,0.0
0.7833333333333333,0.0
0.7666666666666666,0.0
0.75,0.0
0.7333333333333334,0.0
0.7166666666666667,0.0
0.7,0.0
0.7166666666666667,0.0
0.7333333333333334,0.0
0.75,0.0
0.7666666666666666,0.0
0.7833333333333333,0.0
0.8,0.0
0.8166666666666667,0.0
0.8333333333333333,0.0
0.8500000000000001,0.0
0.8666666666666667,0.0
0.8833333333333333,0.0
0.9,0.0
0.9166666666666667,0.0
0.9333333333333333,0.0
0.95,0.0
0.95,0.0
0.9333333333333333,0.0
0.9166666666666667,0.0
0.9,0.0
0.8833333333333333,0.0
0.8666666666666667,0.0
0.8500000000000001,0.0
0.8333333333333333,0.0
0.8166666666666667,0.0
0.8,0.0
0.7833333333333334,0.0
0.7666666666666666,0.0
0.75,0.0
0.7333333333333334,0.0
0.7166666666666667,0.0
0.7,0.0
0.6833333333333333,0.0
0.7,0.0
0.7166666666666667,0.0
0.7333333333333334,0.0
0.75,0.0
0.7666666666666666,0.0
0.7833333333333333,0.0
0.8,0.0
0.8166666666666667,0.0
0.8333333333333334,0.0
0.85,0.0
0.8666666666666667,0.0
0.8833333333333333,0.0
0.9,0.0
0.9166666666666667,0.0
0.9333333333333333,0.0
0.9333333333333333,0.0
0.9166666666666667,0.0
0.9,0.0
0.8833333333333333,0.0
0.8666666666666667,0.0
0.8500000000000001,0.0
0.8333333333333334,0.0
0.8166666666666667,0.0
0.8,0.0
0.7833333333333333,0.0
0.7666666666666667,0.0
0.75,0.0
0.7333333333333334,0.0
0.7166666666666667,0.0
0.7,0.0
0.6833333333333333,0.0
0.6666666666666667,0.0
0.6833333333333333,0.0
0.7,0.0
0.7166666666666667,0.0
0.7333333333333334,0.0
0.75,0.0
0.7666666666666666,0.0
0.7833333333333334,0.0
0.8,0.0
0.8166666666666667,0.0
0.8333333333333333,0.0
0.8500000000000001,0.0
0.8666666666666667,0.0
0.8833333333333333,0.0
0.9,0.0
0.9166666666666667,0.0
0.9166666666666667,0.0
0.9,0.0
0.8833333333333333,0.0
0.8666666666666667,0.0
0.8500000000000001,0.0
0.8333333333333334,0.0
0.8166666666666667,0.0
0.8,0.0
0.7833333333333334,0.0
0.7666666666666666,0.0
0.75,0.0
0.7333333333333334,0.0
0.7166666666666667,0.0
0.7,0.0
0.6833333333333333,0.0
0.6666666666666667,0.0
0.65,0.0
0.6666666666666667,0.0
0.6833333333333333,0.0
0.7,0.0
0.7166666666666667,0.0
0.7333333333333334,0.0
0.75,0.0
0.7666666666666667,0.0
0.7833333333333333,0.0
0.8,0.0
0.8166666666666667,0.0
0.8333333333333334,0.0
0.8500000000000001,0.0
0.8666666666666667,0.0
0.8833333333333333,0.0
0.9,0.0
0.9,0.0
0.8833333333333333,0.0
0.8666666666666667,0.0
0.8500000000000001,0.0
0.8333333333333334,0.0
0.8166666666666667,0.0
0.8,0.0
0.7833333333333333,0.0
0.7666666666666667,0.0
0.75,0.0
0.7333333333333334,0.0
0.7166666666666667,0.0
0.7,0.0
0.6833333333333333,0.0
0.6666666666666667,0.0
0.65,0.0
0.6333333333333333,0.0
0.6499999999999999,0.0
0.6666666666666666,0.0
0.6833333333333333,0.0
0.7,0.0
0.7166666666666666,0.0
0.7333333333333333,0.0
0.75,0.0
0.7666666666666666,0.0
0.7833333333333333,0.0
0.7999999999999999,0.0
0.8166666666666667,0.0
0.8333333333333333,0.0
0.85,0.0
0.8666666666666667,0.0
0.8833333333333333,0.0
0.8833333333333333,0.0
0.8666666666666667,0.0
0.85,0.0
0.8333333333333333,0.0
0.8166666666666667,0.0
0.8,0.0
0.7833333333333333,0.0
0.7666666666666666,0.0
0.75,0.0
0.7333333333333333,0.0
0.7166666666666667,0.0
0.7,0.0
0.6833333333333333,0.0
0.6666666666666666,0.0
0.6499999999999999,0.0
0.6333333333333333,0.0
0.6166666666666667,0.0
0.6333333333333333,0.0
0.65,0.0
0.6666666666666667,0.0
0.6833333333333333,0.0
0.7,0.0
0.7166666666666667,0.0
0.7333333333333334,0.0
0.75,0.0
0.7666666666666667,0.0
0.7833333333333333,0.0
0.8,0.0
0.8166666666666667,0.0
0.8333333333333334,0.0
0.8500000000000001,0.0
0.8666666666666667,0.0
0.8666666666666667,0.0
0.8500000000000001,0.0
0.8333333333333334,0.0
0.8166666666666667,0.0
0.8,0.0
0.7833333333333334,0.0
0.7666666666666667,0.0
0.75,0.0
0.7333333333333334,0.0
0.7166666666666667,0.0
0.7000000000000001,0.0
0.6833333333333333,0.0
0.6666666666666667,0.0
0.65,0.0
0.6333333333333333,0.0
0.6166666666666667,0.0
0.6,0.0
0.6166666666666667,0.0
0.6333333333333333,0.0
0.6499999999999999,0.0
0.6666666666666666,0.0
0.6833333333333333,0.0
0.7,0.0
0.7166666666666667,0.0
0.7333333333333333,0.0
0.75,0.0
0.7666666666666666,0.0
0.7833333333333333,0.0
0.8,0.0
0.8166666666666667,0.0
0.8333333333333333,0.0
0.85,0.0
0.85,0.0
0.8333333333333333,0.0
0.8166666666666667,0.0
0.8,0.0
0.7833333333333333,0.0
0.7666666666666666,0.0
0.75,0.0
0.7333333333333333,0.0
0.7166666666666667,0.0
0.7,0.0
0.6833333333333333,0.0
0.6666666666666666,0.0
0.6499999999999999,0.0
0.6333333333333333,0.0
0.6166666666666667,0.0
0.6,0.0
0.5833333333333334,0.0
0.6000000000000001,0.0
0.6166666666666667,0.0
0.6333333333333333,0.0
0.65,0.0
0.6666666666666667,0.0
0.6833333333333333,0.0
0.7000000000000001,0.0
0.7166666666666667,0.0
0.7333333333333334,0.0
0.75,0.0
0.7666666666666667,0.0
0.7833333333333334,0.0
0.8,0.0
0.8166666666666667,0.0
0.8333333333333334,0.0
0.8333333333333334,0.0
0.8166666666666667,0.0
0.8,0.0
0.7833333333333334,0.0
0.7666666666666667,0.0
0.75,0.0
0.7333333333333334,0.0
0.7166666666666667,0.0
0.7000000000000001,0.0
0.6833333333333333,0.0
0.6666666666666667,0.0
0.65,0.0
0.6333333333333333,0.0
0.6166666666666667,0.0
0.6000000000000001,0.0
0.5833333333333334,0.0
0.5666666666666667,0.0
0.5833333333333333,0.0
0.6,0.0
0.6166666666666667,0.0
0.6333333333333333,0.0
0.6499999999999999,0.0
0.6666666666666666,0.0
0.6833333333333333,0.0
0.7,0.0
0.7166666666666667,0.0
0.7333333333333333,0.0
0.75,0.0
0.7666666666666666,0.0
0.7833333333333333,0.0
0.8,0.0
0.8166666666666667,0.0
0.8166666666666667,0.0
0.8,0.0
0.7833333333333333,0.0
0.7666666666666666,0.0
0.75,0.0
0.7333333333333334,0.0
0.7166666666666667,0.0
0.7,0.0
0.6833333333333333,0.0
0.6666666666666666,0.0
0.65,0.0
0.6333333333333333,0.0
0.6166666666666667,0.0
0.6,0.0
0.5833333333333333,0.0
0.5666666666666667,0.0
0.55,0.0
0.5666666666666667,0.0
0.5833333333333333,0.0
0.6,0.0
0.6166666666666667,0.0
0.6333333333333333,0.0
0.6499999999999999,0.0
0.6666666666666667,0.0
0.6833333333333333,0.0
0.7,0.0
0.7166666666666666,0.0
0.7333333333333334,0.0
0.75,0.0
0.7666666666666666,0.0
0.7833333333333333,0.0
0.8,0.0
0.8,0.0
0.7833333333333333,0.0
0.7666666666666666,0.0
0.75,0.0
0.7333333333333334,0.0
0.7166666666666667,0.0
0.7,0.0
0.6833333333333333,0.0
0.6666666666666667,0.0
0.6499999999999999,0.0
0.6333333333333333,0.0
0.6166666666666667,0.0
0.6,0.0
0.5833333333333333,0.0
0.5666666666666667,0.0
0.55,0.0
0.5333333333333333,0.0
0.55,0.0
0.5666666666666667,0.0
0.5833333333333333,0.0
0.6,0.0
0.6166666666666667,0.0
0.6333333333333333,0.0
0.65,0.0
0.6666666666666666,0.0
0.6833333333333333,0.0
0.7,0.0
0.7166666666666667,0.0
0.7333333333333334,0.0
0.75,0.0
0.7666666666666666,0.0
0.7833333333333333,0.0
0.7833333333333333,0.0
0.7666666666666666,0.0
0.75,0.0
0.7333333333333334,0.0
0.7166666666666667,0.0
0.7,0.0
0.6833333333333333,0.0
0.6666666666666666,0.0
0.65,0.0
0.6333333333333333,0.0
0.6166666666666667,0.0
0.6,0.0
0.5833333333333333,0.0
0.5666666666666667,0.0
0.55,0.0
0.5333333333333333,0.0
0.5166666666666666,0.0
0.5333333333333333,0.0
0.55,0.0
0.5666666666666667,0.0
0.5833333333333333,0.0
0.6,0.0
0.6166666666666667,0.0
0.6333333333333333,0.0
0.6499999999999999,0.0
0.6666666666666667,0.0
0.6833333333333333,0.0
0.7,0.0
0.7166666666666667,0.0
0.7333333333333334,0.0
0.75,0.0
0.7666666666666666,0.0
0.7666666666666666,0.0
0.75,0.0
0.7333333333333334,0.0
0.7166666666666667,0.0
0.7,0.0
0.6833333333333333,0.0
0.6666666666666667,0.0
0.6499999999999999,0.0
0.6333333333333333,0.0
0.6166666666666667,0.0
0.6000000000000001,0.0
0.5833333333333333,0.0
0.5666666666666667,0.0
0.55,0.0
0.5333333333333333,0.0
0.5166666666666666,0.0
0.5,0.0
0.5166666666666666,0.0
0.5333333333333333,0.0
0.55,0.0
0.5666666666666667,0.0
0.5833333333333333,0.0
0.6,0.0
0.6166666666666667,0.0
0.6333333333333333,0.0
0.65,0.0
0.6666666666666666,0.0
0.6833333333333333,0.0
0.7,0.0
0.7166666666666667,0.0
0.7333333333333334,0.0
0.75,0.0
0.75,0.0
0.7333333333333334,0.0
0.7166666666666667,0.0
0.7,0.0
0.6833333333333333,0.0
0.6666666666666667,0.0
0.65,0.0
0.6333333333333333,0.0
0.6166666666666667,0.0
0.6,0.0
0.5833333333333334,0.0
0.5666666666666667,0.0
0.55,0.0
0.5333333333333333,0.0
0.5166666666666666,0.0
0.5,0.0