1.0,0.0
1.0,1.5700293364009537
1.0,3.1400586728019073
1.0,4.710088009202861
1.0,6.280117345603815
1.0,7.850146682004768
1.0,9.420176018405723
1.0,10.990205354806676
1.0,12.56023469120763
1.0,14.130264027608582
1.0,15.700293364009536
1.0,17.27032270041049
1.0,18.840352036811446
1.0,20.4103813732124
1.0,21.980410709613352
1.0,23.550440046014305
1.0,25.12046938241526
1.0,26.69049871881621
1.0,28.260528055217165
1.0,29.830557391618118
1.0,31.40058672801907
1.0,32.97061606442003
1.0,34.54064540082098
1.0,36.110674737221935
1.0,37.68070407362289
1.0,39.25073341002384
1.0,40.8207627464248
1.0,42.39079208282575
1.0,43.960821419226704
1.0,45.530850755627654
1.0,47.10088009202861
1.0,48.67090942842956
1.0,50.24093876483052
1.0,51.810968101231474
1.0,53.38099743763242
1.0,54.95102677403338
1.0,56.52105611043433
1.0,58.09108544683529
1.0,59.661114783236236
1.0,61.23114411963719
1.0,62.80117345603814
1.0,64.3712027924391
1.0,65.94123212884006
1.0,67.511261465241
1.0,69.08129080164196
1.0,70.65132013804292
1.0,72.22134947444387
1.0,73.79137881084482
1.0,75.36140814724578
1.0,76.93143748364673
1.0,78.50146682004768
1.0,80.07149615644863
1.0,81.6415254928496
1.0,83.21155482925055
1.0,84.7815841656515
1.0,86.35161350205244
1.0,87.92164283845341
1.0,89.49167217485436
1.0,91.06170151125531
1.0,92.63173084765627
1.0,94.20176018405722
1.0,95.77178952045817
1.0,97.34181885685912
1.0,98.91184819326008
1.0,-1.5715633171888395
1.0,-0.0015339807878858025
1.0,1.5684953556130679
1.0,3.138524692014022
1.0,4.708554028414975
1.0,6.278583364815928
1.0,7.848612701216883
1.0,9.418642037617836
1.0,10.98867137401879
1.0,12.558700710419743
1.0,14.128730046820696
1.0,15.698759383221649
1.0,17.268788719622606
1.0,18.83881805602356
1.0,20.408847392424512
1.0,21.978876728825465
1.0,23.54890606522642
1.0,25.118935401627372
1.0,26.688964738028325
1.0,28.25899407442928
1.0,29.82902341083023
1.0,31.399052747231188
1.0,32.96908208363214
1.0,34.539111420033095
1.0,36.10914075643405
1.0,37.679170092835
1.0,39.24919942923596
1.0,40.81922876563691
1.0,42.389258102037864
1.0,43.959287438438814
1.0,45.52931677483977
1.0,47.09934611124072
1.0,48.66937544764168
1.0,50.239404784042634
1.0,51.80943412044358
1.0,53.37946345684454
1.0,54.94949279324549
1.0,56.51952212964645
1.0,58.089551466047396
1.0,59.65958080244835
1.0,61.2296101388493
1.0,62.79963947525027
1.0,64.36966881165122
1.0,65.93969814805217
1.0,67.50972748445312
1.0,69.07975682085409
1.0,70.64978615725504
1.0,72.21981549365599
1.0,73.78984483005695
1.0,75.3598741664579
1.0,76.92990350285885
1.0,78.4999328392598
1.0,80.06996217566076
1.0,81.63999151206171
1.0,83.21002084846266
1.0,84.78005018486361
1.0,86.35007952126458
1.0,87.92010885766553
1.0,89.49013819406647
1.0,91.06016753046744
1.0,92.63019686686839
1.0,94.20022620326934
1.0,95.77025553967029
1.0,97.34028487607125
1.0,-3.143126634377679
1.0,-1.5730972979767253
1.0,-0.003067961575771605
1.0,1.5669613748251825
1.0,3.1369907112261357
1.0,4.707020047627089
1.0,6.277049384028044
1.0,7.847078720428997
1.0,9.41710805682995
1.0,10.987137393230903
1.0,12.557166729631856
1.0,14.127196066032809
1.0,15.697225402433766
1.0,17.26725473883472
1.0,18.837284075235672
1.0,20.407313411636625
1.0,21.97734274803758
1.0,23.547372084438532
1.0,25.117401420839485
1.0,26.68743075724044
1.0,28.25746009364139
1.0,29.82748943004235
1.0,31.397518766443298
1.0,32.967548102844255
1.0,34.53757743924521
1.0,36.10760677564616
1.0,37.67763611204712
1.0,39.24766544844807
1.0,40.817694784849024
1.0,42.387724121249974
1.0,43.95775345765093
1.0,45.52778279405188
1.0,47.09781213045284
1.0,48.667841466853794
1.0,50.237870803254744
1.0,51.8079001396557
1.0,53.37792947605665
1.0,54.94795881245761
1.0,56.51798814885856
1.0,58.08801748525951
1.0,59.65804682166046
1.0,61.22807615806143
1.0,62.798105494462376
1.0,64.36813483086333
1.0,65.93816416726428
1.0,67.50819350366524
1.0,69.07822284006619
1.0,70.64825217646714
1.0,72.2182815128681
1.0,73.78831084926905
1.0,75.35834018567
1.0,76.92836952207095
1.0,78.49839885847192
1.0,80.06842819487287
1.0,81.63845753127381
1.0,83.20848686767476
1.0,84.77851620407573
1.0,86.34854554047668
1.0,87.91857487687763
1.0,89.48860421327859
1.0,91.05863354967954
1.0,92.62866288608049
1.0,94.19869222248144
1.0,95.7687215588824
1.0,-4.714689951566518
1.0,-3.1446606151655643
1.0,-1.5746312787646106
1.0,-0.004601942363656519
1.0,1.5654273940372967
1.0,3.13545673043825
1.0,4.705486066839205
1.0,6.275515403240158
1.0,7.845544739641111
1.0,9.415574076042065
1.0,10.985603412443018
1.0,12.555632748843971
1.0,14.125662085244928
1.0,15.695691421645881
1.0,17.265720758046832
1.0,18.83575009444779
1.0,20.40577943084874
1.0,21.975808767249696
1.0,23.545838103650645
1.0,25.115867440051602
1.0,26.68589677645255
1.0,28.25592611285351
1.0,29.825955449254458
1.0,31.395984785655415
1.0,32.96601412205637
1.0,34.53604345845732
1.0,36.10607279485828
1.0,37.67610213125923
1.0,39.246131467660184
1.0,40.816160804061134
1.0,42.38619014046209
1.0,43.95621947686304
1.0,45.526248813264
1.0,47.096278149664954
1.0,48.666307486065904
1.0,50.23633682246686
1.0,51.80636615886781
1.0,53.37639549526877
1.0,54.94642483166972
1.0,56.51645416807067
1.0,58.08648350447162
1.0,59.65651284087259
1.0,61.22654217727354
1.0,62.796571513674486
1.0,64.36660085007544
1.0,65.9366301864764
1.0,67.50665952287736
1.0,69.0766888592783
1.0,70.64671819567927
1.0,72.21674753208022
1.0,73.78677686848117
1.0,75.35680620488212
1.0,76.92683554128308
1.0,78.49686487768403
1.0,80.06689421408498
1.0,81.63692355048593
1.0,83.2069528868869
1.0,84.77698222328785
1.0,86.3470115596888
1.0,87.91704089608976
1.0,89.48707023249071
1.0,91.05709956889166
1.0,92.62712890529261
1.0,94.19715824169357
1.0,-6.286253268755358
1.0,-4.716223932354405
1.0,-3.1461945959534505
1.0,-1.5761652595524964
1.0,-0.00613592315154321
1.0,1.56389341324941
1.0,3.133922749650365
1.0,4.703952086051318
1.0,6.273981422452271
1.0,7.844010758853225
1.0,9.414040095254178
1.0,10.984069431655131
1.0,12.554098768056088
1.0,14.124128104457041
1.0,15.694157440857994
1.0,17.26418677725895
1.0,18.8342161136599
1.0,20.404245450060856
1.0,21.974274786461805
1.0,23.544304122862762
1.0,25.11433345926371
1.0,26.68436279566467
1.0,28.254392132065618
1.0,29.824421468466575
1.0,31.39445080486753
1.0,32.96448014126848
1.0,34.53450947766944
1.0,36.10453881407039
1.0,37.674568150471345
1.0,39.244597486872294
1.0,40.81462682327325
1.0,42.3846561596742
1.0,43.95468549607516
1.0,45.524714832476114
1.0,47.094744168877064
1.0,48.66477350527802
1.0,50.23480284167897
1.0,51.80483217807993
1.0,53.37486151448088
1.0,54.94489085088183
1.0,56.51492018728278
1.0,58.08494952368375
1.0,59.6549788600847
1.0,61.225008196485646
1.0,62.795037532886596
1.0,64.36506686928756
1.0,65.93509620568851
1.0,67.50512554208946
1.0,69.07515487849042
1.0,70.64518421489137
1.0,72.21521355129232
1.0,73.78524288769327
1.0,75.35527222409424
1.0,76.92530156049519
1.0,78.49533089689614
1.0,80.06536023329708
1.0,81.63538956969805
1.0,83.205418906099
1.0,84.77544824249995
1.0,86.34547757890091
1.0,87.91550691530186
1.0,89.48553625170281
1.0,91.05556558810376
1.0,92.62559492450472
1.0,-7.857816585944198
1.0,-6.2877872495432445
1.0,-4.71775791314229
1.0,-3.1477285767413363
1.0,-1.5776992403403831
1.0,-0.007669903939429901
1.0,1.562359432461525
1.0,3.1323887688624783
1.0,4.7024181052634315
1.0,6.272447441664385
1.0,7.842476778065338
1.0,9.412506114466291
1.0,10.982535450867248
1.0,12.552564787268201
1.0,14.122594123669154
1.0,15.692623460070108
1.0,17.26265279647106
1.0,18.832682132872016
1.0,20.402711469272965
1.0,21.972740805673922
1.0,23.542770142074872
1.0,25.11279947847583
1.0,26.68282881487678
1.0,28.252858151277735
1.0,29.822887487678692
1.0,31.39291682407964
1.0,32.9629461604806
1.0,34.53297549688155
1.0,36.103004833282505
1.0,37.673034169683454
1.0,39.24306350608441
1.0,40.81309284248536
1.0,42.38312217888632
1.0,43.953151515287274
1.0,45.523180851688224
1.0,47.09321018808918
1.0,48.66323952449013
1.0,50.23326886089109
1.0,51.80329819729204
1.0,53.37332753369299
1.0,54.94335687009394
1.0,56.51338620649491
1.0,58.08341554289586
1.0,59.653444879296806
1.0,61.223474215697756
1.0,62.79350355209872
1.0,64.36353288849968
1.0,65.93356222490063
1.0,67.50359156130159
1.0,69.07362089770254
1.0,70.64365023410349
1.0,72.21367957050444
1.0,73.7837089069054
1.0,75.35373824330635
1.0,76.9237675797073
1.0,78.49379691610825
1.0,80.06382625250922
1.0,81.63385558891017
1.0,83.20388492531112
1.0,84.77391426171208
1.0,86.34394359811303
1.0,87.91397293451398
1.0,89.48400227091493
1.0,91.05403160731589
1.0,-9.429379903133036
1.0,-7.859350566732083
1.0,-6.2893212303311286
1.0,-4.7192918939301745
1.0,-3.1492625575292212
1.0,-1.579233221128268
1.0,-0.009203884727313039
1.0,1.5608254516736402
1.0,3.1308547880745934
1.0,4.700884124475547
1.0,6.2709134608765
1.0,7.840942797277453
1.0,9.41097213367841
1.0,10.981001470079363
1.0,12.551030806480316
1.0,14.12106014288127
1.0,15.691089479282223
1.0,17.261118815683176
1.0,18.83114815208413
1.0,20.401177488485082
1.0,21.971206824886035
1.0,23.541236161286992
1.0,25.111265497687942
1.0,26.6812948340889
1.0,28.251324170489855
1.0,29.821353506890805
1.0,31.391382843291762
1.0,32.961412179692715
1.0,34.531441516093665
1.0,36.101470852494614
1.0,37.67150018889558
1.0,39.24152952529653
1.0,40.81155886169748
1.0,42.38158819809844
1.0,43.95161753449939
1.0,45.52164687090034
1.0,47.09167620730129
1.0,48.661705543702254
1.0,50.231734880103204
1.0,51.801764216504154
1.0,53.3717935529051
1.0,54.94182288930607
1.0,56.51185222570702
1.0,58.08188156210797
1.0,59.651910898508916
1.0,61.22194023490988
1.0,62.79196957131083
1.0,64.36199890771178
1.0,65.93202824411274
1.0,67.50205758051369
1.0,69.07208691691464
1.0,70.64211625331559
1.0,72.21214558971656
1.0,73.7821749261175
1.0,75.35220426251846
1.0,76.9222335989194
1.0,78.49226293532037
1.0,80.06229227172132
1.0,81.63232160812227
1.0,83.20235094452323
1.0,84.77238028092418
1.0,86.34240961732513
1.0,87.91243895372608
1.0,89.48246829012704
1.0,-11.000943220321876
1.0,-9.430913883920923
1.0,-7.8608845475199685
1.0,-6.290855211119014
1.0,-4.720825874718061
1.0,-3.150796538317108
1.0,-1.580767201916153
1.0,-0.01073786551519973
1.0,1.5592914708857535
1.0,3.1293208072867067
1.0,4.69935014368766
1.0,6.269379480088613
1.0,7.83940881648957
1.0,9.409438152890523
1.0,10.979467489291476
1.0,12.54949682569243
1.0,14.119526162093383
1.0,15.689555498494336
1.0,17.25958483489529
1.0,18.829614171296242
1.0,20.399643507697196
1.0,21.969672844098152
1.0,23.539702180499102
1.0,25.10973151690006
1.0,26.679760853301016
1.0,28.249790189701965
1.0,29.819819526102922
1.0,31.38984886250387
1.0,32.95987819890483
1.0,34.52990753530578
1.0,36.09993687170673
1.0,37.66996620810768
1.0,39.239995544508645
1.0,40.810024880909594
1.0,42.380054217310544
1.0,43.95008355371151
1.0,45.52011289011246
1.0,47.09014222651341
1.0,48.66017156291436
1.0,50.23020089931532
1.0,51.80023023571627
1.0,53.370259572117234
1.0,54.940288908518184
1.0,56.510318244919134
1.0,58.08034758132008
1.0,59.65037691772105
1.0,61.220406254122
1.0,62.79043559052295
1.0,64.36046492692391
1.0,65.93049426332486
1.0,67.50052359972581
1.0,69.07055293612676
1.0,70.64058227252772
1.0,72.21061160892867
1.0,73.78064094532962
1.0,75.35067028173057
1.0,76.92069961813154
1.0,78.49072895453249
1.0,80.06075829093344
1.0,81.6307876273344
1.0,83.20081696373535
1.0,84.7708463001363
1.0,86.34087563653725
1.0,87.91090497293821
1.0,-12.572506537510716
1.0,-11.002477201109762
1.0,-9.43244786470881
1.0,-7.862418528307854
1.0,-6.292389191906901
1.0,-4.722359855505948
1.0,-3.152330519104993
1.0,-1.5823011827040396
1.0,-0.01227184630308642
1.0,1.5577574900978668
1.0,3.12778682649882
1.0,4.697816162899773
1.0,6.26784549930073
1.0,7.837874835701683
1.0,9.407904172102636
1.0,10.97793350850359
1.0,12.547962844904543
1.0,14.117992181305496
1.0,15.68802151770645
1.0,17.258050854107402
1.0,18.828080190508356
1.0,20.398109526909312
1.0,21.968138863310262
1.0,23.53816819971122
1.0,25.108197536112176
1.0,26.678226872513125
1.0,28.248256208914082
1.0,29.81828554531503
1.0,31.38831488171599
1.0,32.958344218116935
1.0,34.5283735545179
1.0,36.09840289091885
1.0,37.6684322273198
1.0,39.23846156372076
1.0,40.80849090012171
1.0,42.37852023652266
1.0,43.94854957292361
1.0,45.518578909324575
1.0,47.088608245725524
1.0,48.658637582126474
1.0,50.22866691852742
1.0,51.79869625492839
1.0,53.36872559132934
1.0,54.93875492773029
1.0,56.508784264131236
1.0,58.0788136005322
1.0,59.64884293693315
1.0,61.2188722733341
1.0,62.78890160973506
1.0,64.35893094613601
1.0,65.92896028253696
1.0,67.49898961893791
1.0,69.06901895533888
1.0,70.63904829173983
1.0,72.20907762814078
1.0,73.77910696454173
1.0,75.34913630094269
1.0,76.91916563734364
1.0,78.48919497374459
1.0,80.05922431014555
1.0,81.6292536465465
1.0,83.19928298294745
1.0,84.7693123193484
1.0,86.33934165574937
1.0,-14.144069854699556
1.0,-12.574040518298602
1.0,-11.00401118189765
1.0,-9.433981845496694
1.0,-7.863952509095741
1.0,-6.293923172694788
1.0,-4.723893836293833
1.0,-3.1538644998928795
1.0,-1.5838351634919263
1.0,-0.01380582709097311
1.0,1.55622350930998
1.0,3.1262528457109333
1.0,4.69628218211189
1.0,6.266311518512843
1.0,7.8363408549137965
1.0,9.40637019131475
1.0,10.976399527715703
1.0,12.546428864116656
1.0,14.11645820051761
1.0,15.686487536918563
1.0,17.256516873319516
1.0,18.826546209720473
1.0,20.396575546121422
1.0,21.96660488252238
1.0,23.536634218923336
1.0,25.106663555324285
1.0,26.676692891725242
1.0,28.246722228126192
1.0,29.81675156452715
1.0,31.3867809009281
1.0,32.95681023732905
1.0,34.52683957373
1.0,36.096868910130965
1.0,37.666898246531915
1.0,39.236927582932864
1.0,40.80695691933383
1.0,42.37698625573478
1.0,43.94701559213573
1.0,45.51704492853668
1.0,47.08707426493764
1.0,48.65710360133859
1.0,50.227132937739555
1.0,51.797162274140504
1.0,53.367191610541454
1.0,54.9372209469424
1.0,56.50725028334337
1.0,58.07727961974432
1.0,59.64730895614527
1.0,61.21733829254623
1.0,62.78736762894718
1.0,64.35739696534813
1.0,65.92742630174908
1.0,67.49745563815004
1.0,69.067484974551
1.0,70.63751431095194
1.0,72.20754364735289
1.0,73.77757298375386
1.0,75.3476023201548
1.0,76.91763165655576
1.0,78.48766099295672
1.0,80.05769032935767
1.0,81.62771966575862
1.0,83.19774900215957
1.0,84.76777833856053
1.0,-15.715633171888395
1.0,-14.145603835487442
1.0,-12.575574499086489
1.0,-11.005545162685534
1.0,-9.43551582628458
1.0,-7.865486489883628
1.0,-6.295457153482673
1.0,-4.725427817081719
1.0,-3.1553984806807662
1.0,-1.585369144279813
1.0,-0.015339807878859801
1.0,1.5546895285220934
1.0,3.12471886492305
1.0,4.694748201324003
1.0,6.264777537724957
1.0,7.83480687412591
1.0,9.404836210526863
1.0,10.974865546927816
1.0,12.54489488332877
1.0,14.114924219729723
1.0,15.684953556130676
1.0,17.254982892531633
1.0,18.825012228932582
1.0,20.39504156533354
1.0,21.965070901734496
1.0,23.535100238135445
1.0,25.105129574536402
1.0,26.675158910937352
1.0,28.24518824733831
1.0,29.81521758373926
1.0,31.385246920140215
1.0,32.95527625654117
1.0,34.52530559294212
1.0,36.09533492934308
1.0,37.66536426574403
1.0,39.23539360214498
1.0,40.80542293854593
1.0,42.375452274946895
1.0,43.945481611347844
1.0,45.515510947748794
1.0,47.085540284149744
1.0,48.65556962055071
1.0,50.22559895695166
1.0,51.79562829335261
1.0,53.36565762975356
1.0,54.93568696615452
1.0,56.50571630255547
1.0,58.07574563895642
1.0,59.645774975357384
1.0,61.21580431175833
1.0,62.78583364815928
1.0,64.35586298456023
1.0,65.9258923209612
1.0,67.49592165736215
1.0,69.0659509937631
1.0,70.63598033016405
1.0,72.20600966656501
1.0,73.77603900296596
1.0,75.34606833936691
1.0,76.91609767576787
1.0,78.48612701216882
1.0,80.05615634856977
1.0,81.62618568497072
1.0,83.19621502137169
1.0,-17.287196489077235
1.0,-15.717167152676282
1.0,-14.147137816275329
1.0,-12.577108479874374
1.0,-11.00707914347342
1.0,-9.437049807072468
1.0,-7.8670204706715126
1.0,-6.296991134270559
1.0,-4.726961797869606
1.0,-3.156932461468653
1.0,-1.5869031250676997
1.0,-0.016873788666746492
1.0,1.5531555477342103
1.0,3.1231848841351635
1.0,4.693214220536117
1.0,6.26324355693707
1.0,7.833272893338023
1.0,9.403302229738976
1.0,10.97333156613993
1.0,12.543360902540883
1.0,14.113390238941836
1.0,15.683419575342793
1.0,17.253448911743742
1.0,18.8234782481447
1.0,20.393507584545656
1.0,21.963536920946606
1.0,23.533566257347562
1.0,25.103595593748512
1.0,26.67362493014947
1.0,28.24365426655042
1.0,29.813683602951375
1.0,31.383712939352325
1.0,32.953742275753285
1.0,34.523771612154235
1.0,36.093800948555185
1.0,37.66383028495615
1.0,39.2338596213571
1.0,40.80388895775805
1.0,42.373918294159
1.0,43.94394763055996
1.0,45.51397696696091
1.0,47.084006303361875
1.0,48.654035639762824
1.0,50.224064976163774
1.0,51.794094312564724
1.0,53.36412364896569
1.0,54.93415298536664
1.0,56.50418232176759
1.0,58.07421165816855
1.0,59.6442409945695
1.0,61.21427033097045
1.0,62.7842996673714
1.0,64.35432900377236
1.0,65.92435834017331
1.0,67.49438767657426
1.0,69.06441701297521
1.0,70.63444634937618
1.0,72.20447568577713
1.0,73.77450502217808
1.0,75.34453435857904
1.0,76.91456369497999
1.0,78.48459303138094
1.0,80.05462236778189
1.0,81.62465170418285
1.0,-18.85875980626607
1.0,-17.28873046986512
1.0,-15.718701133464165
1.0,-14.14867179706321
1.0,-12.578642460662257
1.0,-11.008613124261304
1.0,-9.438583787860349
1.0,-7.868554451459396
1.0,-6.2985251150584425
1.0,-4.728495778657489
1.0,-3.158466442256536
1.0,-1.5884371058555828
1.0,-0.018407769454626077
1.0,1.5516215669463271
1.0,3.1216509033472803
1.0,4.691680239748234
1.0,6.261709576149187
1.0,7.83173891255014
1.0,9.401768248951093
1.0,10.971797585352046
1.0,12.541826921753
1.0,14.111856258153956
1.0,15.681885594554906
1.0,17.251914930955863
1.0,18.82194426735682
1.0,20.39197360375777
1.0,21.962002940158726
1.0,23.532032276559676
1.0,25.102061612960632
1.0,26.672090949361582
1.0,28.24212028576254
1.0,29.81214962216349
1.0,31.382178958564445
1.0,32.9522082949654
1.0,34.52223763136635
1.0,36.09226696776731
1.0,37.66229630416826
1.0,39.232325640569215
1.0,40.802354976970165
1.0,42.37238431337112
1.0,43.94241364977207
1.0,45.512442986173035
1.0,47.082472322573985
1.0,48.652501658974934
1.0,50.222530995375884
1.0,51.79256033177685
1.0,53.3625896681778
1.0,54.93261900457875
1.0,56.50264834097971
1.0,58.07267767738066
1.0,59.64270701378161
1.0,61.21273635018256
1.0,62.782765686583524
1.0,64.35279502298448
1.0,65.92282435938543
1.0,67.49285369578638
1.0,69.06288303218733
1.0,70.63291236858828
1.0,72.20294170498923
1.0,73.7729710413902
1.0,75.34300037779116
1.0,76.9130297141921
1.0,78.48305905059306
1.0,80.053088386994
1.0,-20.43032312345491
1.0,-18.86029378705396
1.0,-17.290264450653005
1.0,-15.72023511425205
1.0,-14.150205777851097
1.0,-12.580176441450144
1.0,-11.010147105049189
1.0,-9.440117768648236
1.0,-7.870088432247282
1.0,-6.300059095846329
1.0,-4.730029759445376
1.0,-3.1600004230444227
1.0,-1.589971086643466
1.0,-0.019941750242512768
1.0,1.5500875861584404
1.0,3.1201169225593937
1.0,4.690146258960347
1.0,6.2601755953613
1.0,7.830204931762253
1.0,9.400234268163207
1.0,10.97026360456416
1.0,12.540292940965116
1.0,14.110322277366066
1.0,15.680351613767023
1.0,17.25038095016798
1.0,18.82041028656893
1.0,20.390439622969886
1.0,21.960468959370836
1.0,23.530498295771793
1.0,25.100527632172742
1.0,26.6705569685737
1.0,28.24058630497465
1.0,29.810615641375605
1.0,31.380644977776562
1.0,32.95067431417751
1.0,34.52070365057847
1.0,36.09073298697942
1.0,37.660762323380375
1.0,39.230791659781325
1.0,40.80082099618228
1.0,42.37085033258323
1.0,43.940879668984195
1.0,45.510909005385145
1.0,47.080938341786094
1.0,48.650967678187044
1.0,50.22099701458801
1.0,51.79102635098896
1.0,53.36105568738991
1.0,54.93108502379087
1.0,56.50111436019182
1.0,58.07114369659277
1.0,59.64117303299372
1.0,61.211202369394684
1.0,62.78123170579563
1.0,64.35126104219658
1.0,65.92129037859753
1.0,67.4913197149985
1.0,69.06134905139945
1.0,70.6313783878004
1.0,72.20140772420136
1.0,73.77143706060231
1.0,75.34146639700326
1.0,76.91149573340421
1.0,78.48152506980517
1.0,-22.00188644064375
1.0,-20.4318571042428
1.0,-18.861827767841845
1.0,-17.29179843144089
1.0,-15.721769095039937
1.0,-14.151739758638984
1.0,-12.581710422238029
1.0,-11.011681085837075
1.0,-9.441651749436122
1.0,-7.871622413035169
1.0,-6.301593076634216
1.0,-4.731563740233263
1.0,-3.161534403832306
1.0,-1.5915050674313527
1.0,-0.02147573103039946
1.0,1.5485536053705538
1.0,3.118582941771507
1.0,4.68861227817246
1.0,6.258641614573413
1.0,7.828670950974367
1.0,9.39870028737532
1.0,10.968729623776277
1.0,12.538758960177226
1.0,14.108788296578183
1.0,15.67881763297914
1.0,17.24884696938009
1.0,18.818876305781046
1.0,20.388905642181996
1.0,21.958934978582953
1.0,23.528964314983902
1.0,25.09899365138486
1.0,26.66902298778581
1.0,28.239052324186765
1.0,29.809081660587722
1.0,31.379110996988672
1.0,32.94914033338963
1.0,34.51916966979058
1.0,36.089199006191535
1.0,37.659228342592485
1.0,39.22925767899344
1.0,40.79928701539439
1.0,42.369316351795355
1.0,43.939345688196305
1.0,45.509375024597254
1.0,47.079404360998204
1.0,48.64943369739917
1.0,50.21946303380012
1.0,51.78949237020107
1.0,53.35952170660203
1.0,54.92955104300298
1.0,56.49958037940393
1.0,58.06960971580488
1.0,59.639639052205844
1.0,61.209668388606794
1.0,62.77969772500774
1.0,64.34972706140869
1.0,65.91975639780966
1.0,67.48978573421061
1.0,69.05981507061156
1.0,70.62984440701251
1.0,72.19987374341346
1.0,73.76990307981441
1.0,75.33993241621536
1.0,76.90996175261634
1.0,-23.57344975783259
1.0,-22.00342042143164
1.0,-20.433391085030685
1.0,-18.86336174862973
1.0,-17.29333241222878
1.0,-15.723303075827824
1.0,-14.153273739426869
1.0,-12.583244403025915
1.0,-11.013215066624962
1.0,-9.443185730224009
1.0,-7.873156393823056
1.0,-6.3031270574221026
1.0,-4.733097721021146
1.0,-3.1630683846201926
1.0,-1.5930390482192394
1.0,-0.02300971181828615
1.0,1.547019624582667
1.0,3.1170489609836203
1.0,4.6870782973845735
1.0,6.257107633785527
1.0,7.82713697018648
1.0,9.397166306587437
1.0,10.967195642988386
1.0,12.537224979389343
1.0,14.1072543157903
1.0,15.67728365219125
1.0,17.247312988592206
1.0,18.817342324993156
1.0,20.387371661394113
1.0,21.957400997795062
1.0,23.52743033419602
1.0,25.09745967059697
1.0,26.667489006997926
1.0,28.237518343398882
1.0,29.807547679799832
1.0,31.37757701620079
1.0,32.94760635260174
1.0,34.517635689002695
1.0,36.087665025403645
1.0,37.6576943618046
1.0,39.22772369820555
1.0,40.797753034606515
1.0,42.367782371007465
1.0,43.937811707408414
1.0,45.507841043809364
1.0,47.07787038021033
1.0,48.64789971661128
1.0,50.21792905301223
1.0,51.78795838941319
1.0,53.35798772581414
1.0,54.92801706221509
1.0,56.49804639861604
1.0,58.068075735017004
1.0,59.638105071417954
1.0,61.2081344078189
1.0,62.77816374421985
1.0,64.34819308062082
1.0,65.91822241702177
1.0,67.48825175342272
1.0,69.05828108982368
1.0,70.62831042622463
1.0,72.19833976262558
1.0,73.76836909902653
1.0,75.3383984354275
1.0,-25.14501307502143
1.0,-23.574983738620478
1.0,-22.004954402219525
1.0,-20.434925065818568
1.0,-18.86489572941762
1.0,-17.29486639301666
1.0,-15.724837056615709
1.0,-14.154807720214755
1.0,-12.584778383813802
1.0,-11.014749047412849
1.0,-9.444719711011896
1.0,-7.8746903746109425
1.0,-6.304661038209986
1.0,-4.7346317018090325
1.0,-3.1646023654080793
1.0,-1.594573029007126
1.0,-0.02454369260617284
1.0,1.5454856437947804
1.0,3.1155149801957336
1.0,4.685544316596687
1.0,6.25557365299764
1.0,7.825602989398597
1.0,9.395632325799546
1.0,10.965661662200503
1.0,12.53569099860146
1.0,14.10572033500241
1.0,15.675749671403366
1.0,17.245779007804316
1.0,18.815808344205273
1.0,20.385837680606222
1.0,21.95586701700718
1.0,23.52589635340813
1.0,25.095925689809086
1.0,26.665955026210042
1.0,28.235984362610992
1.0,29.80601369901195
1.0,31.3760430354129
1.0,32.946072371813855
1.0,34.516101708214805
1.0,36.08613104461576
1.0,37.65616038101671
1.0,39.226189717417675
1.0,40.796219053818625
1.0,42.366248390219575
1.0,43.936277726620524
1.0,45.50630706302149
1.0,47.07633639942244
1.0,48.64636573582339
1.0,50.21639507222435
1.0,51.7864244086253
1.0,53.35645374502625
1.0,54.9264830814272
1.0,56.496512417828164
1.0,58.066541754229114
1.0,59.63657109063006
1.0,61.20660042703101
1.0,62.77662976343198
1.0,64.34665909983292
1.0,65.91668843623387
1.0,67.48671777263485
1.0,69.0567471090358
1.0,70.62677644543675
1.0,72.1968057818377
1.0,73.76683511823865
1.0,-26.71657639221027
1.0,-25.146547055809318
1.0,-23.576517719408365
1.0,-22.006488383007408
1.0,-20.43645904660646
1.0,-18.8664297102055
1.0,-17.29640037380455
1.0,-15.726371037403595
1.0,-14.156341701002642
1.0,-12.586312364601689
1.0,-11.016283028200736
1.0,-9.446253691799782
1.0,-7.876224355398826
1.0,-6.306195018997872
1.0,-4.736165682596919
1.0,-3.166136346195966
1.0,-1.5961070097950127
1.0,-0.02607767339405953
1.0,1.5439516630068937
1.0,3.113980999407847
1.0,4.6840103358088
1.0,6.254039672209757
1.0,7.8240690086107065
1.0,9.394098345011663
1.0,10.96412768141262
1.0,12.53415701781357
1.0,14.104186354214526
1.0,15.674215690615476
1.0,17.244245027016433
1.0,18.814274363417383
1.0,20.38430369981834
1.0,21.95433303621929
1.0,23.524362372620246
1.0,25.094391709021203
1.0,26.664421045422152
1.0,28.23445038182311
1.0,29.80447971822406
1.0,31.374509054625015
1.0,32.944538391025965
1.0,34.51456772742692
1.0,36.08459706382787
1.0,37.654626400228835
1.0,39.224655736629785
1.0,40.794685073030735
1.0,42.364714409431684
1.0,43.93474374583265
1.0,45.5047730822336
1.0,47.07480241863455
1.0,48.64483175503551
1.0,50.21486109143646
1.0,51.78489042783741
1.0,53.35491976423836
1.0,54.924949100639324
1.0,56.494978437040274
1.0,58.06500777344122
1.0,59.63503710984217
1.0,61.20506644624314
1.0,62.77509578264409
1.0,64.34512511904504
1.0,65.915154455446
1.0,67.48518379184695
1.0,69.0552131282479
1.0,70.62524246464885
1.0,72.19527180104981
1.0,-28.28813970939911
1.0,-26.718110372998158
1.0,-25.148081036597205
1.0,-23.578051700196248
1.0,-22.0080223637953
1.0,-20.43799302739434
1.0,-18.86796369099339
1.0,-17.297934354592435
1.0,-15.727905018191482
1.0,-14.157875681790529
1.0,-12.587846345389575
1.0,-11.017817008988622
1.0,-9.447787672587665
1.0,-7.877758336186712
1.0,-6.307728999785759
1.0,-4.737699663384806
1.0,-3.1676703269838526
1.0,-1.5976409905828994
1.0,-0.02761165418194622
1.0,1.542417682219007
1.0,3.11244701861996
1.0,4.682476355020917
1.0,6.252505691421867
1.0,7.822535027822823
1.0,9.39256436422378
1.0,10.96259370062473
1.0,12.532623037025687
1.0,14.102652373426636
1.0,15.672681709827593
1.0,17.242711046228543
1.0,18.8127403826295
1.0,20.38276971903045
1.0,21.952799055431406
1.0,23.522828391832363
1.0,25.092857728233312
1.0,26.66288706463427
1.0,28.23291640103522
1.0,29.802945737436175
1.0,31.372975073837125
1.0,32.94300441023808
1.0,34.51303374663903
1.0,36.083063083039995
1.0,37.653092419440945
1.0,39.223121755841895
1.0,40.793151092242844
1.0,42.36318042864381
1.0,43.93320976504476
1.0,45.50323910144571
1.0,47.07326843784667
1.0,48.64329777424762
1.0,50.21332711064857
1.0,51.78335644704952
1.0,53.353385783450484
1.0,54.923415119851434
1.0,56.493444456252384
1.0,58.06347379265333
1.0,59.6335031290543
1.0,61.20353246545525
1.0,62.7735618018562
1.0,64.34359113825715
1.0,65.9136204746581
1.0,67.48364981105905
1.0,69.05367914746
1.0,70.62370848386098
1.0,-29.85970302658795
1.0,-28.289673690186998
1.0,-26.719644353786045
1.0,-25.149615017385088
1.0,-23.579585680984138
1.0,-22.00955634458318
1.0,-20.43952700818223
1.0,-18.869497671781275
1.0,-17.299468335380322
1.0,-15.729438998979369
1.0,-14.159409662578415
1.0,-12.589380326177462
1.0,-11.019350989776505
1.0,-9.449321653375552
1.0,-7.879292316974599
1.0,-6.309262980573646
1.0,-4.7392336441726926
1.0,-3.1692043077717393
1.0,-1.5991749713707861
1.0,-0.029145634969832912
1.0,1.5408837014311203
1.0,3.110913037832077
1.0,4.680942374233027
1.0,6.2509717106339835
1.0,7.82100104703494
1.0,9.39103038343589
1.0,10.961059719836847
1.0,12.531089056237796
1.0,14.101118392638753
1.0,15.671147729039703
1.0,17.24117706544066
1.0,18.81120640184161
1.0,20.381235738242566
1.0,21.951265074643523
1.0,23.521294411044472
1.0,25.09132374744543
1.0,26.66135308384638
1.0,28.231382420247336
1.0,29.801411756648285
1.0,31.371441093049242
1.0,32.94147042945019
1.0,34.511499765851156
1.0,36.081529102252105
1.0,37.651558438653055
1.0,39.221587775054005
1.0,40.79161711145497
1.0,42.36164644785592
1.0,43.93167578425687
1.0,45.50170512065783
1.0,47.07173445705878
1.0,48.64176379345973
1.0,50.21179312986068
1.0,51.781822466261644
1.0,53.351851802662594
1.0,54.921881139063544
1.0,56.49191047546449
1.0,58.06193981186546
1.0,59.63196914826641
1.0,61.20199848466736
1.0,62.77202782106832
1.0,64.34205715746927
1.0,65.91208649387022
1.0,67.48211583027117
1.0,69.05214516667213
1.0,-31.43126634377679
1.0,-29.861237007375838
1.0,-28.291207670974885
1.0,-26.721178334573928
1.0,-25.151148998172978
1.0,-23.58111966177202
1.0,-22.011090325371068
1.0,-20.441060988970115
1.0,-18.87103165256916
1.0,-17.30100231616821
1.0,-15.730972979767255
1.0,-14.160943643366302
1.0,-12.590914306965345
1.0,-11.020884970564392
1.0,-9.450855634163439
1.0,-7.880826297762486
1.0,-6.3107969613615325
1.0,-4.740767624960579
1.0,-3.170738288559626
1.0,-1.6007089521586728
1.0,-0.030679615757719603
1.0,1.5393497206432372
1.0,3.109379057044187
1.0,4.679408393445144
1.0,6.2494377298461
1.0,7.81946706624705
1.0,9.389496402648007
1.0,10.959525739048956
1.0,12.529555075449913
1.0,14.099584411850863
1.0,15.66961374825182
1.0,17.23964308465277
1.0,18.809672421053726
1.0,20.379701757454683
1.0,21.949731093855632
1.0,23.51976043025659
1.0,25.08978976665754
1.0,26.659819103058496
1.0,28.229848439459445
1.0,29.799877775860402
1.0,31.36990711226135
1.0,32.939936448662316
1.0,34.509965785063265
1.0,36.079995121464215
1.0,37.650024457865165
1.0,39.22005379426613
1.0,40.79008313066708
1.0,42.36011246706803
1.0,43.93014180346899
1.0,45.50017113986994
1.0,47.07020047627089
1.0,48.64022981267184
1.0,50.210259149072805
1.0,51.780288485473754
1.0,53.350317821874704
1.0,54.92034715827565
1.0,56.49037649467662
1.0,58.06040583107757
1.0,59.63043516747852
1.0,61.20046450387948
1.0,62.77049384028043
1.0,64.34052317668139
1.0,65.91055251308234
1.0,67.48058184948329
1.0,-33.00282966096563
1.0,-31.432800324564678
1.0,-29.862770988163724
1.0,-28.292741651762768
1.0,-26.722712315361818
1.0,-25.15268297896086
1.0,-23.582653642559908
1.0,-22.012624306158955
1.0,-20.442594969758
1.0,-18.87256563335705
1.0,-17.302536296956095
1.0,-15.732506960555142
1.0,-14.162477624154185
1.0,-12.592448287753232
1.0,-11.022418951352279
1.0,-9.452389614951326
1.0,-7.882360278550372
1.0,-6.312330942149419
1.0,-4.742301605748466
1.0,-3.1722722693475127
1.0,-1.6022429329465595
1.0,-0.03221359654560274
1.0,1.537815739855347
1.0,3.1078450762563037
1.0,4.6778744126572605
1.0,6.24790374905821
1.0,7.817933085459167
1.0,9.387962421860117
1.0,10.957991758261073
1.0,12.528021094662023
1.0,14.09805043106298
1.0,15.66807976746393
1.0,17.238109103864886
1.0,18.808138440265843
1.0,20.378167776666793
1.0,21.94819711306775
1.0,23.5182264494687
1.0,25.088255785869656
1.0,26.658285122270605
1.0,28.228314458671562
1.0,29.798343795072512
1.0,31.368373131473476
1.0,32.938402467874425
1.0,34.508431804275375
1.0,36.078461140676325
1.0,37.64849047707729
1.0,39.21851981347824
1.0,40.78854914987919
1.0,42.35857848628015
1.0,43.9286078226811
1.0,45.49863715908205
1.0,47.068666495483
1.0,48.638695831883965
1.0,50.208725168284914
1.0,51.778754504685864
1.0,53.348783841086814
1.0,54.91881317748778
1.0,56.48884251388873
1.0,58.05887185028968
1.0,59.62890118669064
1.0,61.19893052309159
1.0,62.76895985949254
1.0,64.33898919589349
1.0,65.90901853229445
1.0,-34.57439297815447
1.0,-33.004363641753514
1.0,-31.434334305352564
1.0,-29.864304968951608
1.0,-28.294275632550658
1.0,-26.7242462961497
1.0,-25.154216959748748
1.0,-23.584187623347795
1.0,-22.01415828694684
1.0,-20.44412895054589
1.0,-18.874099614144935
1.0,-17.304070277743982
1.0,-15.734040941343025
1.0,-14.164011604942072
1.0,-12.593982268541119
1.0,-11.023952932140165
1.0,-9.453923595739212
1.0,-7.883894259338259
1.0,-6.313864922937306
1.0,-4.743835586536353
1.0,-3.1738062501353994
1.0,-1.6037769137344426
1.0,-0.033747577333492984
1.0,1.5362817590674638
1.0,3.1063110954684205
1.0,4.67634043186937
1.0,6.246369768270327
1.0,7.816399104671277
1.0,9.386428441072233
1.0,10.956457777473183
1.0,12.52648711387414
1.0,14.09651645027509
1.0,15.666545786676046
1.0,17.236575123077003
1.0,18.806604459477953
1.0,20.37663379587891
1.0,21.94666313227986
1.0,23.516692468680816
1.0,25.086721805081766
1.0,26.656751141482722
1.0,28.226780477883672
1.0,29.796809814284636
1.0,31.366839150685585
1.0,32.936868487086535
1.0,34.506897823487485
1.0,36.07692715988845
1.0,37.6469564962894
1.0,39.21698583269035
1.0,40.78701516909131
1.0,42.35704450549226
1.0,43.92707384189321
1.0,45.49710317829416
1.0,47.067132514695125
1.0,48.637161851096074
1.0,50.207191187497024
1.0,51.777220523897974
1.0,53.34724986029894
1.0,54.91727919669989
1.0,56.48730853310084
1.0,58.0573378695018
1.0,59.62736720590275
1.0,61.1973965423037
1.0,62.76742587870465
1.0,64.33745521510562
1.0,-36.14595629534331
1.0,-34.575926958942354
1.0,-33.005897622541404
1.0,-31.435868286140447
1.0,-29.865838949739498
1.0,-28.29580961333854
1.0,-26.725780276937588
1.0,-25.155750940536635
1.0,-23.58572160413568
1.0,-22.015692267734728
1.0,-20.445662931333775
1.0,-18.875633594932822
1.0,-17.305604258531865
1.0,-15.735574922130912
1.0,-14.165545585729959
1.0,-12.595516249329005
1.0,-11.025486912928052
1.0,-9.455457576527099
1.0,-7.885428240126146
1.0,-6.3153989037251925
1.0,-4.745369567324239
1.0,-3.1753402309232825
1.0,-1.6053108945223329
1.0,-0.03528155812137612
1.0,1.5347477782795806
1.0,3.1047771146805303
1.0,4.674806451081487
1.0,6.244835787482437
1.0,7.8148651238833935
1.0,9.384894460284343
1.0,10.9549237966853
1.0,12.52495313308625
1.0,14.094982469487206
1.0,15.665011805888163
1.0,17.235041142289113
1.0,18.80507047869007
1.0,20.37509981509102
1.0,21.945129151491976
1.0,23.515158487892926
1.0,25.085187824293882
1.0,26.655217160694832
1.0,28.225246497095796
1.0,29.795275833496746
1.0,31.365305169897695
1.0,32.935334506298645
1.0,34.50536384269961
1.0,36.07539317910056
1.0,37.64542251550151
1.0,39.21545185190247
1.0,40.78548118830342
1.0,42.35551052470437
1.0,43.92553986110532
1.0,45.495569197506285
1.0,47.065598533907234
1.0,48.635627870308184
1.0,50.205657206709134
1.0,51.7756865431101
1.0,53.34571587951105
1.0,54.915745215912
1.0,56.48577455231296
1.0,58.05580388871391
1.0,59.62583322511486
1.0,61.19586256151581
1.0,62.765891897916774
1.0,-37.71751961253214
1.0,-36.14749027613119
1.0,-34.57746093973024
1.0,-33.00743160332928
1.0,-31.43740226692833
1.0,-29.867372930527374
1.0,-28.29734359412642
1.0,-26.727314257725467
1.0,-25.157284921324514
1.0,-23.58725558492356
1.0,-22.017226248522608
1.0,-20.447196912121655
1.0,-18.877167575720698
1.0,-17.307138239319745
1.0,-15.737108902918791
1.0,-14.167079566517838
1.0,-12.597050230116885
1.0,-11.027020893715932
1.0,-9.456991557314979
1.0,-7.886962220914025
1.0,-6.316932884513072
1.0,-4.746903548112115
1.0,-3.1768742117111657
1.0,-1.606844875310209
1.0,-0.036815538909252155
1.0,1.5332137974916975
1.0,3.1032431338926543
1.0,4.673272470293604
1.0,6.243301806694561
1.0,7.81333114309551
1.0,9.383360479496467
1.0,10.953389815897417
1.0,12.523419152298374
1.0,14.09344848869933
1.0,15.66347782510028
1.0,17.233507161501237
1.0,18.803536497902186
1.0,20.373565834303143
1.0,21.943595170704093
1.0,23.51362450710505
1.0,25.083653843506
1.0,26.653683179906963
1.0,28.223712516307913
1.0,29.793741852708862
1.0,31.363771189109812
1.0,32.933800525510776
1.0,34.503829861911726
1.0,36.073859198312675
1.0,37.64388853471364
1.0,39.21391787111459
1.0,40.78394720751554
1.0,42.35397654391649
1.0,43.92400588031745
1.0,45.4940352167184
1.0,47.06406455311935
1.0,48.6340938895203
1.0,50.204123225921265
1.0,51.774152562322215
1.0,53.344181898723164
1.0,54.91421123512413
1.0,56.48424057152508
1.0,58.05426990792603
1.0,59.62429924432698
1.0,61.19432858072794
1.0,-39.28908292972098
1.0,-37.71905359332003
1.0,-36.14902425691908
1.0,-34.57899492051812
1.0,-33.00896558411717
1.0,-31.438936247716214
1.0,-29.86890691131526
1.0,-28.298877574914307
1.0,-26.728848238513354
1.0,-25.1588189021124
1.0,-23.588789565711448
1.0,-22.018760229310494
1.0,-20.448730892909538
1.0,-18.878701556508585
1.0,-17.30867222010763
1.0,-15.738642883706678
1.0,-14.168613547305725
1.0,-12.598584210904772
1.0,-11.028554874503818
1.0,-9.458525538102865
1.0,-7.888496201701912
1.0,-6.318466865300955
1.0,-4.748437528900006
1.0,-3.178408192499049
1.0,-1.608378856098092
1.0,-0.0383495196971424
1.0,1.5316798167038144
1.0,3.101709153104764
1.0,4.671738489505721
1.0,6.2417678259066705
1.0,7.811797162307627
1.0,9.381826498708577
1.0,10.951855835109534
1.0,12.52188517151049
1.0,14.09191450791144
1.0,15.661943844312397
1.0,17.231973180713346
1.0,18.802002517114303
1.0,20.372031853515253
1.0,21.94206118991621
1.0,23.51209052631716
1.0,25.082119862718123
1.0,26.652149199119073
1.0,28.222178535520023
1.0,29.792207871920972
1.0,31.362237208321936
1.0,32.932266544722886
1.0,34.502295881123835
1.0,36.0723252175248
1.0,37.64235455392575
1.0,39.2123838903267
1.0,40.78241322672765
1.0,42.35244256312861
1.0,43.92247189952956
1.0,45.49250123593051
1.0,47.06253057233146
1.0,48.632559908732425
1.0,50.202589245133375
1.0,51.772618581534324
1.0,53.34264791793529
1.0,54.91267725433624
1.0,56.48270659073719
1.0,58.05273592713814
1.0,59.6227652635391
1.0,-40.86064624690982
1.0,-39.29061691050887
1.0,-37.72058757410792
1.0,-36.15055823770696
1.0,-34.58052890130601
1.0,-33.010499564905054
1.0,-31.4404702285041
1.0,-29.870440892103147
1.0,-28.300411555702194
1.0,-26.73038221930124
1.0,-25.160352882900288
1.0,-23.590323546499334
1.0,-22.020294210098378
1.0,-20.450264873697424
1.0,-18.88023553729647
1.0,-17.310206200895518
1.0,-15.740176864494565
1.0,-14.170147528093612
1.0,-12.600118191692658
1.0,-11.030088855291705
1.0,-9.460059518890752
1.0,-7.890030182489795
1.0,-6.3200008460888455
1.0,-4.749971509687889
1.0,-3.179942173286932
1.0,-1.6099128368859823
1.0,-0.039883500485025536
1.0,1.5301458359159241
1.0,3.100175172316881
1.0,4.6702045087178305
1.0,6.240233845118787
1.0,7.810263181519737
1.0,9.380292517920694
1.0,10.95032185432165
1.0,12.5203511907226
1.0,14.090380527123557
1.0,15.660409863524507
1.0,17.230439199925463
1.0,18.800468536326413
1.0,20.37049787272737
1.0,21.94052720912832
1.0,23.510556545529283
1.0,25.080585881930233
1.0,26.650615218331183
1.0,28.220644554732132
1.0,29.790673891133096
1.0,31.360703227534046
1.0,32.930732563934995
1.0,34.50076190033596
1.0,36.07079123673691
1.0,37.64082057313786
1.0,39.21084990953881
1.0,40.78087924593977
1.0,42.35090858234072
1.0,43.92093791874167
1.0,45.49096725514262
1.0,47.060996591543585
1.0,48.631025927944535
1.0,50.201055264345484
1.0,51.77108460074645
1.0,53.3411139371474
1.0,54.91114327354835
1.0,56.4811726099493
1.0,58.05120194635026
1.0,-42.43220956409866
1.0,-40.862180227697706
1.0,-39.29215089129676
1.0,-37.7221215548958
1.0,-36.15209221849485
1.0,-34.582062882093894
1.0,-33.012033545692944
1.0,-31.442004209291987
1.0,-29.871974872891034
1.0,-28.30194553649008
1.0,-26.731916200089127
1.0,-25.161886863688174
1.0,-23.591857527287218
1.0,-22.021828190886264
1.0,-20.45179885448531
1.0,-18.881769518084358
1.0,-17.311740181683405
1.0,-15.741710845282451
1.0,-14.171681508881498
1.0,-12.601652172480545
1.0,-11.031622836079592
1.0,-9.461593499678635
1.0,-7.891564163277685
1.0,-6.321534826876729
1.0,-4.751505490475772
1.0,-3.181476154074822
1.0,-1.6114468176738654
1.0,-0.04141748127291578
1.0,1.528611855128041
1.0,3.0986411915289906
1.0,4.668670527929947
1.0,6.238699864330897
1.0,7.808729200731854
1.0,9.37875853713281
1.0,10.94878787353376
1.0,12.518817209934717
1.0,14.088846546335667
1.0,15.658875882736623
1.0,17.228905219137573
1.0,18.79893455553853
1.0,20.36896389193948
1.0,21.938993228340443
1.0,23.509022564741393
1.0,25.079051901142343
1.0,26.649081237543292
1.0,28.219110573944256
1.0,29.789139910345206
1.0,31.359169246746156
1.0,32.92919858314712
1.0,34.49922791954807
1.0,36.06925725594902
1.0,37.63928659234997
1.0,39.20931592875093
1.0,40.77934526515188
1.0,42.34937460155283
1.0,43.91940393795378
1.0,45.489433274354745
1.0,47.059462610755695
1.0,48.629491947156644
1.0,50.19952128355761
1.0,51.76955061995856
1.0,53.33957995635951
1.0,54.90960929276046
1.0,56.47963862916142
1.0,-44.0037728812875
1.0,-42.433743544886546
1.0,-40.8637142084856
1.0,-39.29368487208464
1.0,-37.72365553568369
1.0,-36.15362619928273
1.0,-34.58359686288178
1.0,-33.01356752648083
1.0,-31.443538190079874
1.0,-29.87350885367892
1.0,-28.303479517277967
1.0,-26.733450180877014
1.0,-25.163420844476057
1.0,-23.593391508075104
1.0,-22.02336217167415
1.0,-20.453332835273198
1.0,-18.883303498872245
1.0,-17.31327416247129
1.0,-15.743244826070338
1.0,-14.173215489669385
1.0,-12.603186153268432
1.0,-11.033156816867475
1.0,-9.463127480466525
1.0,-7.8930981440655685
1.0,-6.323068807664612
1.0,-4.753039471263662
1.0,-3.1830101348627053
1.0,-1.6129807984617557
1.0,-0.04295146206079892
1.0,1.5270778743401507
1.0,3.0971072107411075
1.0,4.667136547142057
1.0,6.237165883543014
1.0,7.807195219943971
1.0,9.37722455634492
1.0,10.947253892745877
1.0,12.517283229146827
1.0,14.087312565547784
1.0,15.657341901948733
1.0,17.22737123834969
1.0,18.79740057475064
1.0,20.367429911151604
1.0,21.937459247552553
1.0,23.507488583953503
1.0,25.077517920354452
1.0,26.647547256755416
1.0,28.217576593156366
1.0,29.787605929557316
1.0,31.35763526595828
1.0,32.92766460235923
1.0,34.49769393876018
1.0,36.06772327516113
1.0,37.63775261156209
1.0,39.20778194796304
1.0,40.77781128436399
1.0,42.34784062076494
1.0,43.917869957165905
1.0,45.487899293566855
1.0,47.057928629967805
1.0,48.62795796636877
1.0,50.19798730276972
1.0,51.76801663917067
1.0,53.33804597557162
1.0,54.90807531197258
1.0,-45.57533619847634
1.0,-44.005306862075386
1.0,-42.43527752567444
1.0,-40.86524818927348
1.0,-39.29521885287253
1.0,-37.72518951647157
1.0,-36.155160180070624
1.0,-34.58513084366967
1.0,-33.01510150726871
1.0,-31.44507217086776
1.0,-29.875042834466807
1.0,-28.305013498065854
1.0,-26.734984161664897
1.0,-25.164954825263944
1.0,-23.59492548886299
1.0,-22.024896152462038
1.0,-20.454866816061084
1.0,-18.88483747966013
1.0,-17.314808143259178
1.0,-15.744778806858225
1.0,-14.174749470457272
1.0,-12.604720134056315
1.0,-11.034690797655365
1.0,-9.464661461254408
1.0,-7.894632124853452
1.0,-6.324602788452502
1.0,-4.754573452051545
1.0,-3.1845441156505956
1.0,-1.6145147792496388
1.0,-0.04448544284868916
1.0,1.5255438935522676
1.0,3.0955732299532173
1.0,4.665602566354174
1.0,6.235631902755131
1.0,7.8056612391560805
1.0,9.375690575557037
1.0,10.945719911957987
1.0,12.515749248358944
1.0,14.085778584759893
1.0,15.65580792116085
1.0,17.2258372575618
1.0,18.795866593962764
1.0,20.365895930363713
1.0,21.935925266764663
1.0,23.505954603165613
1.0,25.075983939566576
1.0,26.646013275967526
1.0,28.216042612368476
1.0,29.78607194876944
1.0,31.35610128517039
1.0,32.92613062157134
1.0,34.49615995797229
1.0,36.06618929437325
1.0,37.6362186307742
1.0,39.20624796717515
1.0,40.7762773035761
1.0,42.346306639977065
1.0,43.916335976378015
1.0,45.486365312778965
1.0,47.05639464917993
1.0,48.62642398558088
1.0,50.19645332198183
1.0,51.76648265838278
1.0,53.33651199478374
1.0,-47.14689951566518
1.0,-45.576870179264226
1.0,-44.00684084286328
1.0,-42.43681150646232
1.0,-40.86678217006137
1.0,-39.29675283366041
1.0,-37.72672349725946
1.0,-36.15669416085851
1.0,-34.58666482445756
1.0,-33.0166354880566
1.0,-31.446606151655647
1.0,-29.876576815254694
1.0,-28.306547478853737
1.0,-26.736518142452784
1.0,-25.16648880605183
1.0,-23.596459469650878
1.0,-22.026430133249924
1.0,-20.45640079684897
1.0,-18.886371460448018
1.0,-17.316342124047065
1.0,-15.746312787646112
1.0,-14.176283451245155
1.0,-12.606254114844205
1.0,-11.036224778443248
1.0,-9.466195442042292
1.0,-7.896166105641342
1.0,-6.326136769240385
1.0,-4.7561074328394355
1.0,-3.1860780964384787
1.0,-1.616048760037529
1.0,-0.0460194236365723
1.0,1.5240099127643774
1.0,3.094039249165334
1.0,4.664068585566291
1.0,6.2340979219672406
1.0,7.804127258368197
1.0,9.374156594769147
1.0,10.944185931170104
1.0,12.514215267571053
1.0,14.08424460397201
1.0,15.65427394037296
1.0,17.224303276773924
1.0,18.794332613174873
1.0,20.364361949575823
1.0,21.934391285976773
1.0,23.504420622377737
1.0,25.074449958778686
1.0,26.644479295179636
1.0,28.2145086315806
1.0,29.78453796798155
1.0,31.3545673043825
1.0,32.92459664078345
1.0,34.49462597718441
1.0,36.06465531358536
1.0,37.63468464998631
1.0,39.20471398638726
1.0,40.774743322788225
1.0,42.344772659189175
1.0,43.914801995590125
1.0,45.48483133199109
1.0,47.05486066839204
1.0,48.62489000479299
1.0,50.19491934119394
1.0,51.7649486775949
1.0,-48.71846283285402
1.0,-47.148433496453066
1.0,-45.578404160052116
1.0,-44.00837482365116
1.0,-42.43834548725021
1.0,-40.86831615084925
1.0,-39.2982868144483
1.0,-37.72825747804735
1.0,-36.15822814164639
1.0,-34.58819880524544
1.0,-33.01816946884449
1.0,-31.448140132443534
1.0,-29.878110796042577
1.0,-28.308081459641624
1.0,-26.73805212324067
1.0,-25.168022786839717
1.0,-23.597993450438764
1.0,-22.02796411403781
1.0,-20.457934777636858
1.0,-18.887905441235905
1.0,-17.31787610483495
1.0,-15.747846768433995
1.0,-14.177817432033045
1.0,-12.607788095632088
1.0,-11.037758759231131
1.0,-9.467729422830182
1.0,-7.897700086429225
1.0,-6.327670750028275
1.0,-4.757641413627319
1.0,-3.187612077226369
1.0,-1.6175827408254122
1.0,-0.04755340442446254
1.0,1.5224759319764942
1.0,3.092505268377451
1.0,4.662534604778401
1.0,6.232563941179357
1.0,7.802593277580307
1.0,9.372622613981264
1.0,10.942651950382213
1.0,12.51268128678317
1.0,14.08271062318412
1.0,15.652739959585084
1.0,17.222769295986033
1.0,18.792798632386983
1.0,20.362827968787933
1.0,21.932857305188897
1.0,23.502886641589846
1.0,25.072915977990796
1.0,26.64294531439176
1.0,28.21297465079271
1.0,29.78300398719366
1.0,31.35303332359461
1.0,32.92306265999557
1.0,34.49309199639652
1.0,36.06312133279747
1.0,37.63315066919842
1.0,39.203180005599386
1.0,40.773209342000335
1.0,42.343238678401285
1.0,43.91326801480225
1.0,45.4832973512032
1.0,47.05332668760415
1.0,48.6233560240051
1.0,50.19338536040606
1.0,-50.29002615004286
1.0,-48.719996813641906
1.0,-47.149967477240956
1.0,-45.57993814084
1.0,-44.00990880443905
1.0,-42.43987946803809
1.0,-40.869850131637136
1.0,-39.29982079523619
1.0,-37.72979145883524
1.0,-36.15976212243428
1.0,-34.58973278603332
1.0,-33.019703449632374
1.0,-31.449674113231417
1.0,-29.879644776830464
1.0,-28.30961544042951
1.0,-26.739586104028557
1.0,-25.169556767627604
1.0,-23.59952743122665
1.0,-22.029498094825698
1.0,-20.459468758424745
1.0,-18.88943942202379
1.0,-17.319410085622835
1.0,-15.749380749221885
1.0,-14.179351412820928
1.0,-12.609322076419971
1.0,-11.039292740019022
1.0,-9.469263403618065
1.0,-7.899234067217115
1.0,-6.3292047308161585
1.0,-4.759175394415209
1.0,-3.189146058014252
1.0,-1.6191167216133024
1.0,-0.04908738521234568
1.0,1.520941951188611
1.0,3.0909712875895607
1.0,4.6610006239905175
1.0,6.231029960391467
1.0,7.801059296792424
1.0,9.371088633193374
1.0,10.94111796959433
1.0,12.51114730599528
1.0,14.081176642396244
1.0,15.651205978797194
1.0,17.221235315198143
1.0,18.791264651599093
1.0,20.361293988000057
1.0,21.931323324401006
1.0,23.501352660801956
1.0,25.07138199720292
1.0,26.64141133360387
1.0,28.21144067000482
1.0,29.78147000640577
1.0,31.351499342806733
1.0,32.92152867920768
1.0,34.49155801560863
1.0,36.06158735200958
1.0,37.631616688410546
1.0,39.201646024811495
1.0,40.771675361212445
1.0,42.34170469761341
1.0,43.91173403401436
1.0,45.48176337041531
1.0,47.05179270681626
1.0,48.62182204321722
1.0,-51.8615894672317
1.0,-50.291560130830746
1.0,-48.721530794429796
1.0,-47.15150145802884
1.0,-45.58147212162789
1.0,-44.01144278522693
1.0,-42.44141344882598
1.0,-40.87138411242503
1.0,-39.30135477602407
1.0,-37.73132543962312
1.0,-36.16129610322217
1.0,-34.591266766821214
1.0,-33.02123743042026
1.0,-31.451208094019304
1.0,-29.88117875761835
1.0,-28.311149421217397
1.0,-26.741120084816444
1.0,-25.17109074841549
1.0,-23.601061412014538
1.0,-22.031032075613584
1.0,-20.46100273921263
1.0,-18.890973402811674
1.0,-17.320944066410725
1.0,-15.750914730009768
1.0,-14.180885393608811
1.0,-12.610856057207862
1.0,-11.040826720806905
1.0,-9.470797384405955
1.0,-7.900768048004998
1.0,-6.330738711604049
1.0,-4.760709375203092
1.0,-3.1906800388021423
1.0,-1.6206507024011856
1.0,-0.05062136600022882
1.0,1.5194079704007208
1.0,3.0894373068016776
1.0,4.659466643202627
1.0,6.229495979603584
1.0,7.799525316004534
1.0,9.36955465240549
1.0,10.93958398880644
1.0,12.509613325207404
1.0,14.079642661608354
1.0,15.649671998009303
1.0,17.219701334410253
1.0,18.789730670811217
1.0,20.359760007212166
1.0,21.929789343613116
1.0,23.49981868001408
1.0,25.06984801641503
1.0,26.63987735281598
1.0,28.20990668921693
1.0,29.779936025617893
1.0,31.349965362018843
1.0,32.91999469841979
1.0,34.49002403482074
1.0,36.060053371221706
1.0,37.630082707622655
1.0,39.200112044023605
1.0,40.77014138042457
1.0,42.34017071682552
1.0,43.91020005322647
1.0,45.48022938962742
1.0,47.05025872602838
1.0,-53.43315278442054
1.0,-51.863123448019586
1.0,-50.293094111618636
1.0,-48.72306477521768
1.0,-47.15303543881673
1.0,-45.58300610241577
1.0,-44.012976766014816
1.0,-42.44294742961387
1.0,-40.87291809321292
1.0,-39.30288875681196
1.0,-37.732859420411
1.0,-36.162830084010054
1.0,-34.5928007476091
1.0,-33.02277141120814
1.0,-31.45274207480719
1.0,-29.882712738406237
1.0,-28.312683402005284
1.0,-26.74265406560433
1.0,-25.172624729203378
1.0,-23.602595392802424
1.0,-22.03256605640147
1.0,-20.462536720000514
1.0,-18.892507383599565
1.0,-17.322478047198608
1.0,-15.752448710797651
1.0,-14.182419374396702
1.0,-12.612390037995745
1.0,-11.042360701594795
1.0,-9.472331365193838
1.0,-7.902302028792889
1.0,-6.332272692391932
1.0,-4.762243355990982
1.0,-3.1922140195900255
1.0,-1.6221846831890687
1.0,-0.05215534678811906
1.0,1.5178739896128377
1.0,3.0879033260137874
1.0,4.657932662414744
1.0,6.227961998815694
1.0,7.7979913352166506
1.0,9.3680206716176
1.0,10.938050008018564
1.0,12.508079344419514
1.0,14.078108680820463
1.0,15.648138017221413
1.0,17.218167353622377
1.0,18.788196690023327
1.0,20.358226026424276
1.0,21.92825536282524
1.0,23.49828469922619
1.0,25.06831403562714
1.0,26.63834337202809
1.0,28.208372708429053
1.0,29.778402044830003
1.0,31.348431381230952
1.0,32.9184607176319
1.0,34.488490054032866
1.0,36.058519390433815
1.0,37.628548726834765
1.0,39.19857806323573
1.0,40.76860739963668
1.0,42.33863673603763
1.0,43.90866607243858
1.0,45.47869540883954
1.0,-55.00471610160938
1.0,-53.434686765208426
1.0,-51.864657428807476
1.0,-50.29462809240652
1.0,-48.72459875600557
1.0,-47.15456941960461
1.0,-45.58454008320366
1.0,-44.014510746802706
1.0,-42.44448141040175
1.0,-40.8744520740008
1.0,-39.30442273759985
1.0,-37.73439340119889
1.0,-36.16436406479794
1.0,-34.59433472839699
1.0,-33.02430539199603
1.0,-31.454276055595077
1.0,-29.884246719194124
1.0,-28.31421738279317
1.0,-26.744188046392217
1.0,-25.174158709991264
1.0,-23.60412937359031
1.0,-22.034100037189354
1.0,-20.464070700788405
1.0,-18.894041364387448
1.0,-17.32401202798649
1.0,-15.753982691585541
1.0,-14.183953355184585
1.0,-12.613924018783635
1.0,-11.043894682382678
1.0,-9.473865345981729
1.0,-7.903836009580772
1.0,-6.333806673179822
1.0,-4.763777336778865
1.0,-3.1937480003779086
1.0,-1.623718663976959
1.0,-0.0536893275760022
1.0,1.5163400088249475
1.0,3.0863693452259042
1.0,4.656398681626854
1.0,6.226428018027811
1.0,7.79645735442876
1.0,9.366486690829724
1.0,10.936516027230674
1.0,12.506545363631624
1.0,14.076574700032573
1.0,15.646604036433537
1.0,17.216633372834487
1.0,18.786662709235436
1.0,20.3566920456364
1.0,21.92672138203735
1.0,23.4967507184383
1.0,25.06678005483925
1.0,26.636809391240213
1.0,28.206838727641163
1.0,29.776868064042112
1.0,31.346897400443062
1.0,32.916926736844026
1.0,34.486956073244976
1.0,36.056985409645925
1.0,37.62701474604689
1.0,39.19704408244784
1.0,40.76707341884879
1.0,42.33710275524974
1.0,43.9071320916507
1.0,-56.57627941879822
1.0,-55.006250082397266
1.0,-53.436220745996316
1.0,-51.86619140959536
1.0,-50.29616207319441
1.0,-48.72613273679345
1.0,-47.156103400392496
1.0,-45.586074063991546
1.0,-44.0160447275906
1.0,-42.44601539118964
1.0,-40.87598605478868
1.0,-39.30595671838773
1.0,-37.73592738198678
1.0,-36.16589804558582
1.0,-34.59586870918487
1.0,-33.02583937278392
1.0,-31.455810036382964
1.0,-29.88578069998201
1.0,-28.315751363581057
1.0,-26.745722027180104
1.0,-25.17569269077915
1.0,-23.605663354378194
1.0,-22.035634017977245
1.0,-20.465604681576288
1.0,-18.89557534517533
1.0,-17.32554600877438
1.0,-15.755516672373425
1.0,-14.185487335972475
1.0,-12.615457999571518
1.0,-11.045428663170568
1.0,-9.475399326769612
1.0,-7.905369990368662
1.0,-6.335340653967705
1.0,-4.7653113175667485
1.0,-3.195281981165799
1.0,-1.625252644764842
1.0,-0.05522330836389244
1.0,1.5148060280370643
1.0,3.084835364438014
1.0,4.654864700838971
1.0,6.22489403723992
1.0,7.794923373640884
1.0,9.364952710041834
1.0,10.934982046442784
1.0,12.505011382843733
1.0,14.075040719244697
1.0,15.645070055645647
1.0,17.215099392046596
1.0,18.78512872844756
1.0,20.35515806484851
1.0,21.92518740124946
1.0,23.49521673765041
1.0,25.065246074051373
1.0,26.635275410452323
1.0,28.205304746853272
1.0,29.775334083254222
1.0,31.345363419655186
1.0,32.915392756056136
1.0,34.485422092457085
1.0,36.05545142885805
1.0,37.625480765259
1.0,39.19551010165995
1.0,40.7655394380609
1.0,42.33556877446186
1.0,-58.14784273598706
1.0,-56.577813399586105
1.0,-55.007784063185156
1.0,-53.4377547267842
1.0,-51.86772539038325
1.0,-50.29769605398229
1.0,-48.72766671758134
1.0,-47.157637381180386
1.0,-45.58760804477943
1.0,-44.01757870837848
1.0,-42.44754937197753
1.0,-40.87752003557657
1.0,-39.30749069917562
1.0,-37.73746136277467
1.0,-36.16743202637371
1.0,-34.59740268997275
1.0,-33.027373353571804
1.0,-31.45734401717085
1.0,-29.887314680769897
1.0,-28.317285344368944
1.0,-26.74725600796799
1.0,-25.177226671567034
1.0,-23.607197335166084
1.0,-22.037167998765128
1.0,-20.46713866236417
1.0,-18.89710932596322
1.0,-17.327079989562264
1.0,-15.757050653161315
1.0,-14.187021316760358
1.0,-12.616991980359408
1.0,-11.046962643958452
1.0,-9.476933307557502
1.0,-7.906903971156545
1.0,-6.336874634755588
1.0,-4.766845298354639
1.0,-3.196815961953682
1.0,-1.6267866255527323
1.0,-0.05675728915177558
1.0,1.513272047249174
1.0,3.083301383650131
1.0,4.6533307200510805
1.0,6.223360056452044
1.0,7.793389392852994
1.0,9.363418729253944
1.0,10.933448065654893
1.0,12.503477402055857
1.0,14.073506738456807
1.0,15.643536074857757
1.0,17.21356541125872
1.0,18.78359474765967
1.0,20.35362408406062
1.0,21.92365342046157
1.0,23.493682756862533
1.0,25.063712093263483
1.0,26.633741429664433
1.0,28.203770766065382
1.0,29.773800102466346
1.0,31.343829438867296
1.0,32.913858775268245
1.0,34.48388811166921
1.0,36.05391744807016
1.0,37.62394678447111
1.0,39.19397612087206
1.0,40.76400545727302
1.0,-59.7194060531759
1.0,-58.149376716774945
1.0,-56.579347380373996
1.0,-55.00931804397304
1.0,-53.43928870757209
1.0,-51.86925937117113
1.0,-50.299230034770176
1.0,-48.729200698369226
1.0,-47.159171361968276
1.0,-45.58914202556732
1.0,-44.01911268916636
1.0,-42.44908335276541
1.0,-40.87905401636446
1.0,-39.3090246799635
1.0,-37.73899534356255
1.0,-36.1689660071616
1.0,-34.598936670760644
1.0,-33.02890733435969
1.0,-31.458877997958737
1.0,-29.888848661557784
1.0,-28.31881932515683
1.0,-26.748789988755874
1.0,-25.178760652354924
1.0,-23.608731315953968
1.0,-22.03870197955301
1.0,-20.46867264315206
1.0,-18.898643306751104
1.0,-17.328613970350155
1.0,-15.758584633949198
1.0,-14.188555297548248
1.0,-12.618525961147292
1.0,-11.048496624746342
1.0,-9.478467288345385
1.0,-7.908437951944428
1.0,-6.338408615543479
1.0,-4.768379279142522
1.0,-3.1983499427415722
1.0,-1.6283206063406155
1.0,-0.058291269939665824
1.0,1.511738066461291
1.0,3.0817674028622406
1.0,4.6517967392632045
1.0,6.221826075664154
1.0,7.791855412065104
1.0,9.361884748466053
1.0,10.931914084867017
1.0,12.501943421267967
1.0,14.071972757668917
1.0,15.64200209406988
1.0,17.21203143047083
1.0,18.78206076687178
1.0,20.35209010327273
1.0,21.922119439673693
1.0,23.492148776074643
1.0,25.062178112475593
1.0,26.632207448876542
1.0,28.202236785277506
1.0,29.772266121678456
1.0,31.342295458079406
1.0,32.91232479448037
1.0,34.48235413088132
1.0,36.05238346728227
1.0,37.62241280368322
1.0,39.19244214008418
1.0,-61.29096937036474
1.0,-59.720940033963785
1.0,-58.150910697562836
1.0,-56.58088136116188
1.0,-55.01085202476093
1.0,-53.44082268835997
1.0,-51.87079335195902
1.0,-50.300764015558066
1.0,-48.73073467915711
1.0,-47.16070534275616
1.0,-45.59067600635521
1.0,-44.02064666995425
1.0,-42.450617333553296
1.0,-40.88058799715235
1.0,-39.31055866075139
1.0,-37.74052932435043
1.0,-36.17049998794948
1.0,-34.600470651548534
1.0,-33.03044131514758
1.0,-31.460411978746624
1.0,-29.89038264234567
1.0,-28.320353305944714
1.0,-26.750323969543764
1.0,-25.180294633142807
1.0,-23.61026529674185
1.0,-22.0402359603409
1.0,-20.470206623939944
1.0,-18.900177287538995
1.0,-17.330147951138038
1.0,-15.760118614737088
1.0,-14.190089278336131
1.0,-12.620059941935182
1.0,-11.050030605534225
1.0,-9.480001269133268
1.0,-7.909971932732319
1.0,-6.339942596331362
1.0,-4.769913259930412
1.0,-3.1998839235294554
1.0,-1.6298545871285057
1.0,-0.05982525072754896
1.0,1.5102040856734007
1.0,3.0802334220743646
1.0,4.650262758475314
1.0,6.220292094876264
1.0,7.7903214312772135
1.0,9.360350767678177
1.0,10.930380104079127
1.0,12.500409440480077
1.0,14.07043877688104
1.0,15.64046811328199
1.0,17.21049744968294
1.0,18.78052678608389
1.0,20.350556122484853
1.0,21.920585458885803
1.0,23.490614795286753
1.0,25.060644131687702
1.0,26.630673468088666
1.0,28.200702804489616
1.0,29.770732140890566
1.0,31.34076147729153
1.0,32.91079081369248
1.0,34.48082015009343
1.0,36.05084948649438
1.0,37.62087882289534
1.0,-62.86253268755358
1.0,-61.292503351152625
1.0,-59.722474014751675
1.0,-58.15244467835072
1.0,-56.58241534194977
1.0,-55.01238600554881
1.0,-53.442356669147856
1.0,-51.872327332746906
1.0,-50.302297996345956
1.0,-48.732268659945
1.0,-47.16223932354404
1.0,-45.59220998714309
1.0,-44.022180650742136
1.0,-42.45215131434118
1.0,-40.88212197794023
1.0,-39.31209264153928
1.0,-37.74206330513832
1.0,-36.17203396873737
1.0,-34.60200463233642
1.0,-33.03197529593547
1.0,-31.46194595953451
1.0,-29.891916623133554
1.0,-28.321887286732604
1.0,-26.751857950331647
1.0,-25.18182861393069
1.0,-23.61179927752974
1.0,-22.041769941128784
1.0,-20.471740604727835
1.0,-18.901711268326878
1.0,-17.331681931925928
1.0,-15.761652595524971
1.0,-14.191623259124022
1.0,-12.621593922723065
1.0,-11.051564586322108
1.0,-9.481535249921158
1.0,-7.911505913520202
1.0,-6.341476577119252
1.0,-4.771447240718295
1.0,-3.2014179043173456
1.0,-1.6313885679163889
1.0,-0.061359231515439205
1.0,1.5086701048855247
1.0,3.0786994412864743
1.0,4.648728777687424
1.0,6.218758114088374
1.0,7.7887874504893375
1.0,9.358816786890287
1.0,10.928846123291237
1.0,12.4988754596922
1.0,14.06890479609315
1.0,15.6389341324941
1.0,17.20896346889505
1.0,18.778992805296014
1.0,20.349022141696963
1.0,21.919051478097913
1.0,23.489080814498863
1.0,25.059110150899826
1.0,26.629139487300776
1.0,28.199168823701726
1.0,29.76919816010269
1.0,31.33922749650364
1.0,32.90925683290459
1.0,34.47928616930554
1.0,36.0493155057065
1.0,-64.43409600474241
1.0,-62.86406666834146
1.0,-61.29403733194051
1.0,-59.72400799553955
1.0,-58.1539786591386
1.0,-56.583949322737645
1.0,-55.01391998633669
1.0,-53.44389064993574
1.0,-51.87386131353479
1.0,-50.30383197713383
1.0,-48.733802640732875
1.0,-47.163773304331926
1.0,-45.59374396793097
1.0,-44.02371463153001
1.0,-42.45368529512906
1.0,-40.88365595872811
1.0,-39.313626622327156
1.0,-37.7435972859262
1.0,-36.17356794952525
1.0,-34.6035386131243
1.0,-33.03350927672334
1.0,-31.463479940322387
1.0,-29.893450603921437
1.0,-28.32342126752048
1.0,-26.753391931119523
1.0,-25.183362594718574
1.0,-23.613333258317617
1.0,-22.043303921916667
1.0,-20.47327458551571
1.0,-18.90324524911476
1.0,-17.333215912713804
1.0,-15.763186576312854
1.0,-14.193157239911898
1.0,-12.623127903510941
1.0,-11.053098567109991
1.0,-9.483069230709035
1.0,-7.913039894308085
1.0,-6.343010557907128
1.0,-4.772981221506178
1.0,-3.2029518851052217
1.0,-1.632922548704272
1.0,-0.06289321230330813
1.0,1.5071361240976415
1.0,3.077165460498591
1.0,4.647194796899541
1.0,6.217224133300505
1.0,7.787253469701454
1.0,9.357282806102404
1.0,10.927312142503368
1.0,12.497341478904318
1.0,14.067370815305267
1.0,15.637400151706217
1.0,17.20742948810718
1.0,18.77745882450813
1.0,20.34748816090908
1.0,21.91751749731003
1.0,23.487546833710994
1.0,25.057576170111943
1.0,26.627605506512893
1.0,28.197634842913857
1.0,29.767664179314806
1.0,31.337693515715756
1.0,32.907722852116706
1.0,34.47775218851767
1.0,-66.00565932193126
1.0,-64.43562998553031
1.0,-62.865600649129355
1.0,-61.2955713127284
1.0,-59.72554197632745
1.0,-58.15551263992649
1.0,-56.585483303525535
1.0,-55.015453967124586
1.0,-53.445424630723636
1.0,-51.87539529432268
1.0,-50.30536595792172
1.0,-48.73533662152077
1.0,-47.165307285119816
1.0,-45.59527794871886
1.0,-44.02524861231791
1.0,-42.45521927591696
1.0,-40.885189939516
1.0,-39.31516060311505
1.0,-37.7451312667141
1.0,-36.17510193031315
1.0,-34.60507259391219
1.0,-33.035043257511234
1.0,-31.465013921110284
1.0,-29.894984584709327
1.0,-28.32495524830837
1.0,-26.75492591190742
1.0,-25.184896575506464
1.0,-23.614867239105514
1.0,-22.044837902704558
1.0,-20.474808566303608
1.0,-18.90477922990265
1.0,-17.3347498935017
1.0,-15.764720557100745
1.0,-14.194691220699788
1.0,-12.624661884298838
1.0,-11.054632547897882
1.0,-9.484603211496932
1.0,-7.914573875095975
1.0,-6.344544538695025
1.0,-4.774515202294069
1.0,-3.204485865893119
1.0,-1.6344565294921551
1.0,-0.06442719309120548
1.0,1.5056021433097442
1.0,3.075631479710694
1.0,4.645660816111658
1.0,6.215690152512607
1.0,7.785719488913557
1.0,9.355748825314521
1.0,10.92577816171547
1.0,12.49580749811642
1.0,14.06583683451737
1.0,15.635866170918334
1.0,17.205895507319283
1.0,18.775924843720233
1.0,20.345954180121183
1.0,21.915983516522147
1.0,23.486012852923096
1.0,25.056042189324046
1.0,26.62607152572501
1.0,28.19610086212596
1.0,29.76613019852691
1.0,31.33615953492786
1.0,32.90618887132882
1.0,-67.5772226391201
1.0,-66.00719330271914
1.0,-64.43716396631818
1.0,-62.86713462991723
1.0,-61.29710529351628
1.0,-59.727075957115325
1.0,-58.15704662071437
1.0,-56.58701728431342
1.0,-55.01698794791247
1.0,-53.44695861151151
1.0,-51.876929275110555
1.0,-50.306899938709606
1.0,-48.73687060230865
1.0,-47.16684126590769
1.0,-45.59681192950674
1.0,-44.02678259310579
1.0,-42.456753256704836
1.0,-40.88672392030388
1.0,-39.31669458390293
1.0,-37.74666524750198
1.0,-36.17663591110102
1.0,-34.606606574700066
1.0,-33.03657723829912
1.0,-31.46654790189816
1.0,-29.896518565497203
1.0,-28.326489229096254
1.0,-26.756459892695297
1.0,-25.186430556294347
1.0,-23.61640121989339
1.0,-22.04637188349244
1.0,-20.476342547091484
1.0,-18.906313210690534
1.0,-17.336283874289578
1.0,-15.76625453788862
1.0,-14.196225201487671
1.0,-12.626195865086714
1.0,-11.056166528685765
1.0,-9.486137192284808
1.0,-7.916107855883858
1.0,-6.3460785194829015
1.0,-4.776049183081952
1.0,-3.206019846680988
1.0,-1.6359905102800383
1.0,-0.06596117387908862
1.0,1.504068162521861
1.0,3.074097498922825
1.0,4.644126835323775
1.0,6.214156171724724
1.0,7.784185508125688
1.0,9.354214844526638
1.0,10.924244180927587
1.0,12.494273517328537
1.0,14.064302853729501
1.0,15.63433219013045
1.0,17.2043615265314
1.0,18.77439086293235
1.0,20.344420199333314
1.0,21.914449535734263
1.0,23.484478872135213
1.0,25.054508208536177
1.0,26.624537544937127
1.0,28.194566881338076
1.0,29.764596217739026
1.0,31.33462555413999
1.0,-69.14878595630894
1.0,-67.57875661990799
1.0,-66.00872728350703
1.0,-64.43869794710608
1.0,-62.86866861070513
1.0,-61.29863927430417
1.0,-59.728609937903215
1.0,-58.158580601502265
1.0,-56.588551265101316
1.0,-55.01852192870036
1.0,-53.4484925922994
1.0,-51.87846325589845
1.0,-50.308433919497496
1.0,-48.73840458309654
1.0,-47.16837524669559
1.0,-45.59834591029464
1.0,-44.02831657389368
1.0,-42.458287237492726
1.0,-40.88825790109178
1.0,-39.31822856469083
1.0,-37.74819922828987
1.0,-36.17816989188891
1.0,-34.608140555487964
1.0,-33.03811121908701
1.0,-31.46808188268605
1.0,-29.8980525462851
1.0,-28.328023209884144
1.0,-26.757993873483194
1.0,-25.187964537082237
1.0,-23.617935200681288
1.0,-22.04790586428033
1.0,-20.47787652787938
1.0,-18.907847191478425
1.0,-17.337817855077468
1.0,-15.767788518676518
1.0,-14.197759182275561
1.0,-12.627729845874612
1.0,-11.057700509473655
1.0,-9.487671173072705
1.0,-7.9176418366717485
1.0,-6.347612500270799
1.0,-4.777583163869835
1.0,-3.2075538274688853
1.0,-1.6375244910679356
1.0,-0.06749515466698597
1.0,1.502534181733978
1.0,3.0725635181349276
1.0,4.642592854535877
1.0,6.212622190936841
1.0,7.782651527337791
1.0,9.35268086373874
1.0,10.92271020013969
1.0,12.492739536540654
1.0,14.062768872941604
1.0,15.632798209342553
1.0,17.202827545743503
1.0,18.772856882144467
1.0,20.342886218545416
1.0,21.912915554946366
1.0,23.48294489134733
1.0,25.05297422774828
1.0,26.62300356414923
1.0,28.19303290055018
1.0,29.763062236951143
1.0,-70.72034927349777
1.0,-69.15031993709682
1.0,-67.58029060069586
1.0,-66.01026126429491
1.0,-64.44023192789396
1.0,-62.870202591493005
1.0,-61.30017325509205
1.0,-59.7301439186911
1.0,-58.16011458229015
1.0,-56.59008524588919
1.0,-55.020055909488235
1.0,-53.450026573087285
1.0,-51.87999723668633
1.0,-50.30996790028537
1.0,-48.73993856388442
1.0,-47.16990922748347
1.0,-45.599879891082516
1.0,-44.02985055468156
1.0,-42.45982121828061
1.0,-40.88979188187966
1.0,-39.3197625454787
1.0,-37.749733209077746
1.0,-36.1797038726768
1.0,-34.60967453627584
1.0,-33.03964519987488
1.0,-31.469615863473933
1.0,-29.899586527072977
1.0,-28.329557190672027
1.0,-26.75952785427107
1.0,-25.18949851787012
1.0,-23.619469181469164
1.0,-22.049439845068214
1.0,-20.479410508667257
1.0,-18.9093811722663
1.0,-17.33935183586535
1.0,-15.769322499464394
1.0,-14.199293163063444
1.0,-12.629263826662488
1.0,-11.059234490261538
1.0,-9.489205153860581
1.0,-7.919175817459632
1.0,-6.349146481058668
1.0,-4.779117144657718
1.0,-3.2090878082567684
1.0,-1.6390584718558188
1.0,-0.0690291354548549
1.0,1.5010002009460948
1.0,3.0710295373470444
1.0,4.641058873748008
1.0,6.211088210148958
1.0,7.781117546549908
1.0,9.351146882950857
1.0,10.921176219351821
1.0,12.49120555575277
1.0,14.06123489215372
1.0,15.63126422855467
1.0,17.201293564955634
1.0,18.771322901356584
1.0,20.341352237757533
1.0,21.911381574158497
1.0,23.481410910559447
1.0,25.051440246960397
1.0,26.621469583361346
1.0,28.19149891976231
1.0,-72.29191259068662
1.0,-70.72188325428567
1.0,-69.15185391788471
1.0,-67.58182458148376
1.0,-66.01179524508281
1.0,-64.44176590868186
1.0,-62.871736572280895
1.0,-61.301707235879945
1.0,-59.731677899478996
1.0,-58.16164856307804
1.0,-56.59161922667708
1.0,-55.02158989027613
1.0,-53.451560553875176
1.0,-51.88153121747422
1.0,-50.31150188107327
1.0,-48.74147254467232
1.0,-47.17144320827136
1.0,-45.601413871870406
1.0,-44.031384535469456
1.0,-42.46135519906851
1.0,-40.89132586266755
1.0,-39.32129652626659
1.0,-37.751267189865644
1.0,-36.18123785346469
1.0,-34.61120851706373
1.0,-33.04117918066278
1.0,-31.471149844261824
1.0,-29.901120507860874
1.0,-28.331091171459917
1.0,-26.761061835058968
1.0,-25.19103249865801
1.0,-23.62100316225706
1.0,-22.050973825856104
1.0,-20.480944489455148
1.0,-18.910915153054198
1.0,-17.34088581665324
1.0,-15.770856480252291
1.0,-14.200827143851335
1.0,-12.630797807450385
1.0,-11.060768471049428
1.0,-9.490739134648479
1.0,-7.920709798247515
1.0,-6.350680461846565
1.0,-4.780651125445615
1.0,-3.2106217890446658
1.0,-1.640592452643702
1.0,-0.07056311624275224
1.0,1.4994662201581974
1.0,3.0694955565591613
1.0,4.639524892960111
1.0,6.209554229361061
1.0,7.77958356576201
1.0,9.349612902162974
1.0,10.919642238563924
1.0,12.489671574964873
1.0,14.059700911365823
1.0,15.629730247766787
1.0,17.199759584167737
1.0,18.769788920568686
1.0,20.33981825696965
1.0,21.9098475933706
1.0,23.47987692977155
1.0,25.0499062661725
1.0,26.619935602573463
1.0,-73.86347590787545
1.0,-72.2934465714745
1.0,-70.72341723507354
1.0,-69.15338789867259
1.0,-67.58335856227164
1.0,-66.01332922587069
1.0,-64.44329988946973
1.0,-62.87327055306878
1.0,-61.30324121666783
1.0,-59.73321188026687
1.0,-58.163182543865915
1.0,-56.593153207464965
1.0,-55.02312387106401
1.0,-53.45309453466305
1.0,-51.8830651982621
1.0,-50.31303586186115
1.0,-48.743006525460196
1.0,-47.17297718905924
1.0,-45.60294785265829
1.0,-44.03291851625734
1.0,-42.46288917985638
1.0,-40.892859843455426
1.0,-39.322830507054476
1.0,-37.75280117065352
1.0,-36.18277183425256
1.0,-34.61274249785161
1.0,-33.042713161450656
1.0,-31.472683825049707
1.0,-29.90265448864875
1.0,-28.3326251522478
1.0,-26.762595815846844
1.0,-25.192566479445894
1.0,-23.622537143044937
1.0,-22.05250780664398
1.0,-20.48247847024303
1.0,-18.912449133842074
1.0,-17.342419797441124
1.0,-15.772390461040168
1.0,-14.202361124639218
1.0,-12.632331788238261
1.0,-11.062302451837311
1.0,-9.492273115436348
1.0,-7.922243779035398
1.0,-6.352214442634448
1.0,-4.782185106233499
1.0,-3.2121557698325347
1.0,-1.642126433431585
1.0,-0.07209709703063538
1.0,1.4979322393703285
1.0,3.067961575771278
1.0,4.637990912172228
1.0,6.2080202485731775
1.0,7.778049584974141
1.0,9.348078921375091
1.0,10.91810825777604
1.0,12.48813759417699
1.0,14.058166930577954
1.0,15.628196266978904
1.0,17.198225603379854
1.0,18.768254939780817
1.0,20.338284276181767
1.0,21.908313612582717
1.0,23.478342948983666
1.0,25.04837228538463
1.0,-75.43503922506429
1.0,-73.86500988866334
1.0,-72.29498055226237
1.0,-70.72495121586142
1.0,-69.15492187946047
1.0,-67.58489254305952
1.0,-66.01486320665856
1.0,-64.44483387025761
1.0,-62.87480453385666
1.0,-61.304775197455704
1.0,-59.73474586105475
1.0,-58.1647165246538
1.0,-56.59468718825284
1.0,-55.024657851851885
1.0,-53.454628515450935
1.0,-51.884599179049985
1.0,-50.31456984264903
1.0,-48.74454050624807
1.0,-47.17451116984712
1.0,-45.60448183344617
1.0,-44.034452497045216
1.0,-42.46442316064426
1.0,-40.89439382424331
1.0,-39.32436448784235
1.0,-37.754335151441396
1.0,-36.184305815040446
1.0,-34.61427647863949
1.0,-33.04424714223854
1.0,-31.474217805837583
1.0,-29.904188469436633
1.0,-28.334159133035676
1.0,-26.764129796634727
1.0,-25.19410046023377
1.0,-23.624071123832813
1.0,-22.054041787431863
1.0,-20.484012451030907
1.0,-18.913983114629957
1.0,-17.343953778229
1.0,-15.77392444182805
1.0,-14.203895105427094
1.0,-12.633865769026144
1.0,-11.06383643262518
1.0,-9.49380709622423
1.0,-7.923777759823281
1.0,-6.353748423422331
1.0,-4.7837190870213675
1.0,-3.213689750620418
1.0,-1.6436604142194682
1.0,-0.07363107781850431
1.0,1.4963982585824454
1.0,3.066427594983395
1.0,4.636456931384345
1.0,6.2064862677853085
1.0,7.776515604186258
1.0,9.346544940587208
1.0,10.916574276988158
1.0,12.486603613389121
1.0,14.056632949790071
1.0,15.62666228619102
1.0,17.196691622591985
1.0,18.766720958992934
1.0,20.336750295393884
1.0,21.906779631794834
1.0,23.476808968195797
1.0,-77.00660254225313
1.0,-75.43657320585218
1.0,-73.86654386945122
1.0,-72.29651453305027
1.0,-70.72648519664932
1.0,-69.15645586024837
1.0,-67.58642652384741
1.0,-66.01639718744646
1.0,-64.44636785104551
1.0,-62.87633851464455
1.0,-61.306309178243595
1.0,-59.736279841842645
1.0,-58.16625050544169
1.0,-56.59622116904073
1.0,-55.02619183263978
1.0,-53.45616249623883
1.0,-51.886133159837875
1.0,-50.31610382343692
1.0,-48.74607448703597
1.0,-47.17604515063502
1.0,-45.60601581423406
1.0,-44.035986477833106
1.0,-42.465957141432156
1.0,-40.8959278050312
1.0,-39.32589846863024
1.0,-37.75586913222929
1.0,-36.185839795828336
1.0,-34.61581045942739
1.0,-33.04578112302643
1.0,-31.47575178662548
1.0,-29.905722450224523
1.0,-28.335693113823574
1.0,-26.765663777422617
1.0,-25.19563444102166
1.0,-23.62560510462071
1.0,-22.055575768219754
1.0,-20.485546431818804
1.0,-18.915517095417847
1.0,-17.345487759016898
1.0,-15.775458422615941
1.0,-14.205429086214991
1.0,-12.635399749814027
1.0,-11.065370413413078
1.0,-9.495341077012128
1.0,-7.925311740611178
1.0,-6.3552824042102145
1.0,-4.785253067809265
1.0,-3.215223731408315
1.0,-1.6451943950073513
1.0,-0.07516505860640166
1.0,1.494864277794548
1.0,3.0648936141954977
1.0,4.6349229505964615
1.0,6.204952286997411
1.0,7.774981623398361
1.0,9.34501095979931
1.0,10.915040296200274
1.0,12.485069632601224
1.0,14.055098969002174
1.0,15.625128305403138
1.0,17.195157641804087
1.0,18.765186978205037
1.0,20.335216314605987
1.0,21.90524565100695
1.0,-78.57816585944197
1.0,-77.00813652304102
1.0,-75.43810718664005
1.0,-73.8680778502391
1.0,-72.29804851383815
1.0,-70.7280191774372
1.0,-69.15798984103624
1.0,-67.58796050463529
1.0,-66.01793116823434
1.0,-64.44790183183338
1.0,-62.87787249543243
1.0,-61.30784315903148
1.0,-59.73781382263052
1.0,-58.167784486229564
1.0,-56.597755149828615
1.0,-55.027725813427665
1.0,-53.45769647702671
1.0,-51.88766714062575
1.0,-50.3176378042248
1.0,-48.74760846782385
1.0,-47.177579131422895
1.0,-45.60754979502194
1.0,-44.03752045862099
1.0,-42.46749112222003
1.0,-40.897461785819075
1.0,-39.327432449418126
1.0,-37.75740311301717
1.0,-36.18737377661622
1.0,-34.61734444021526
1.0,-33.04731510381431
1.0,-31.477285767413356
1.0,-29.907256431012406
1.0,-28.33722709461145
1.0,-26.767197758210493
1.0,-25.197168421809543
1.0,-23.627139085408587
1.0,-22.057109749007637
1.0,-20.48708041260668
1.0,-18.91705107620573
1.0,-17.347021739804774
1.0,-15.776992403403824
1.0,-14.20696306700286
1.0,-12.63693373060191
1.0,-11.06690439420096
1.0,-9.496875057800011
1.0,-7.926845721399047
1.0,-6.356816384998098
1.0,-4.786787048597148
1.0,-3.216757712196184
1.0,-1.6467283757952345
1.0,-0.0766990393942848
1.0,1.4933302970066649
1.0,3.0633596334076287
1.0,4.633388969808578
1.0,6.203418306209528
1.0,7.773447642610478
1.0,9.343476979011442
1.0,10.913506315412391
1.0,12.483535651813341
1.0,14.053564988214305
1.0,15.623594324615254
1.0,17.193623661016204
1.0,18.763652997417154
1.0,20.333682333818118
1.0,-80.14972917663081
1.0,-78.57969984022986
1.0,-77.0096705038289
1.0,-75.43964116742795
1.0,-73.869611831027
1.0,-72.29958249462605
1.0,-70.72955315822509
1.0,-69.15952382182414
1.0,-67.58949448542319
1.0,-66.01946514902224
1.0,-64.44943581262127
1.0,-62.879406476220325
1.0,-61.30937713981937
1.0,-59.73934780341841
1.0,-58.16931846701746
1.0,-56.59928913061651
1.0,-55.029259794215555
1.0,-53.4592304578146
1.0,-51.88920112141365
1.0,-50.3191717850127
1.0,-48.74914244861174
1.0,-47.179113112210786
1.0,-45.609083775809836
1.0,-44.03905443940888
1.0,-42.46902510300792
1.0,-40.89899576660697
1.0,-39.328966430206016
1.0,-37.758937093805066
1.0,-36.18890775740411
1.0,-34.61887842100316
1.0,-33.0488490846022
1.0,-31.478819748201254
1.0,-29.908790411800297
1.0,-28.33876107539934
1.0,-26.76873173899839
1.0,-25.198702402597434
1.0,-23.628673066196484
1.0,-22.058643729795527
1.0,-20.488614393394577
1.0,-18.91858505699362
1.0,-17.34855572059267
1.0,-15.778526384191707
1.0,-14.208497047790758
1.0,-12.638467711389808
1.0,-11.068438374988858
1.0,-9.498409038587894
1.0,-7.928379702186945
1.0,-6.358350365785995
1.0,-4.788321029385031
1.0,-3.2182916929840815
1.0,-1.6482623565831318
1.0,-0.07823302018218214
1.0,1.4917963162187817
1.0,3.0618256526197314
1.0,4.631854989020681
1.0,6.201884325421631
1.0,7.771913661822595
1.0,9.341942998223544
1.0,10.911972334624494
1.0,12.482001671025458
1.0,14.052031007426407
1.0,15.622060343827357
1.0,17.192089680228307
1.0,18.76211901662927
1.0,-81.72129249381965
1.0,-80.1512631574187
1.0,-78.58123382101773
1.0,-77.01120448461678
1.0,-75.44117514821583
1.0,-73.87114581181488
1.0,-72.30111647541392
1.0,-70.73108713901297
1.0,-69.16105780261202
1.0,-67.59102846621107
1.0,-66.02099912981011
1.0,-64.45096979340916
1.0,-62.8809404570082
1.0,-61.310911120607244
1.0,-59.740881784206294
1.0,-58.170852447805345
1.0,-56.60082311140439
1.0,-55.03079377500343
1.0,-53.46076443860248
1.0,-51.89073510220153
1.0,-50.320705765800575
1.0,-48.75067642939962
1.0,-47.18064709299867
1.0,-45.61061775659771
1.0,-44.040588420196755
1.0,-42.470559083795806
1.0,-40.90052974739485
1.0,-39.3305004109939
1.0,-37.76047107459294
1.0,-36.19044173819199
1.0,-34.620412401791036
1.0,-33.050383065390086
1.0,-31.48035372898913
1.0,-29.910324392588173
1.0,-28.340295056187223
1.0,-26.770265719786266
1.0,-25.200236383385317
1.0,-23.63020704698436
1.0,-22.06017771058341
1.0,-20.490148374182453
1.0,-18.920119037781504
1.0,-17.35008970138054
1.0,-15.78006036497959
1.0,-14.21003102857864
1.0,-12.640001692177691
1.0,-11.069972355776727
1.0,-9.499943019375777
1.0,-7.929913682974828
1.0,-6.359884346573864
1.0,-4.789855010172914
1.0,-3.2198256737719646
1.0,-1.649796337371015
1.0,-0.07976700097005107
1.0,1.4902623354308986
1.0,3.0602916718318482
1.0,4.630321008232798
1.0,6.200350344633762
1.0,7.770379681034711
1.0,9.340409017435661
1.0,10.910438353836625
1.0,12.480467690237575
1.0,14.050497026638524
1.0,15.620526363039474
1.0,17.190555699440438
1.0,-83.2928558110085
1.0,-81.72282647460754
1.0,-80.15279713820658
1.0,-78.58276780180563
1.0,-77.01273846540468
1.0,-75.44270912900373
1.0,-73.87267979260277
1.0,-72.30265045620182
1.0,-70.73262111980087
1.0,-69.1625917833999
1.0,-67.59256244699895
1.0,-66.022533110598
1.0,-64.45250377419706
1.0,-62.88247443779609
1.0,-61.31244510139514
1.0,-59.74241576499419
1.0,-58.172386428593235
1.0,-56.60235709219228
1.0,-55.03232775579133
1.0,-53.46229841939038
1.0,-51.89226908298942
1.0,-50.322239746588465
1.0,-48.752210410187516
1.0,-47.18218107378656
1.0,-45.6121517373856
1.0,-44.04212240098465
1.0,-42.472093064583696
1.0,-40.902063728182746
1.0,-39.33203439178179
1.0,-37.76200505538084
1.0,-36.19197571897988
1.0,-34.62194638257893
1.0,-33.05191704617798
1.0,-31.48188770977702
1.0,-29.91185837337607
1.0,-28.341829036975113
1.0,-26.771799700574164
1.0,-25.201770364173207
1.0,-23.631741027772257
1.0,-22.0617116913713
1.0,-20.49168235497035
1.0,-18.921653018569387
1.0,-17.351623682168437
1.0,-15.781594345767488
1.0,-14.211565009366538
1.0,-12.641535672965574
1.0,-11.071506336564624
1.0,-9.501477000163675
1.0,-7.931447663762711
1.0,-6.361418327361761
1.0,-4.791388990960812
1.0,-3.221359654559862
1.0,-1.651330318158898
1.0,-0.08130098175794842
1.0,1.4887283546430012
1.0,3.058757691043951
1.0,4.628787027444915
1.0,6.198816363845864
1.0,7.768845700246814
1.0,9.338875036647778
1.0,10.908904373048728
1.0,12.478933709449677
1.0,14.048963045850627
1.0,15.61899238225159
1.0,-84.86441912819733
1.0,-83.29438979179638
1.0,-81.72436045539541
1.0,-80.15433111899446
1.0,-78.58430178259351
1.0,-77.01427244619256
1.0,-75.4442431097916
1.0,-73.87421377339065
1.0,-72.3041844369897
1.0,-70.73415510058874
1.0,-69.16412576418779
1.0,-67.59409642778684
1.0,-66.02406709138589
1.0,-64.45403775498492
1.0,-62.884008418583974
1.0,-61.313979082183025
1.0,-59.74394974578207
1.0,-58.17392040938111
1.0,-56.60389107298016
1.0,-55.03386173657921
1.0,-53.463832400178255
1.0,-51.8938030637773
1.0,-50.32377372737635
1.0,-48.75374439097539
1.0,-47.183715054574435
1.0,-45.613685718173485
1.0,-44.04365638177253
1.0,-42.47362704537158
1.0,-40.90359770897062
1.0,-39.33356837256967
1.0,-37.763539036168716
1.0,-36.193509699767766
1.0,-34.62348036336681
1.0,-33.05345102696585
1.0,-31.483421690564903
1.0,-29.913392354163946
1.0,-28.343363017762996
1.0,-26.77333368136204
1.0,-25.20330434496109
1.0,-23.633275008560133
1.0,-22.063245672159184
1.0,-20.49321633575822
1.0,-18.92318699935727
1.0,-17.35315766295632
1.0,-15.78312832655537
1.0,-14.213098990154407
1.0,-12.643069653753457
1.0,-11.073040317352508
1.0,-9.503010980951544
1.0,-7.932981644550594
1.0,-6.362952308149644
1.0,-4.792922971748695
1.0,-3.222893635347731
1.0,-1.6528642989467812
1.0,-0.08283496254583156
1.0,1.487194373855118
1.0,3.057223710256082
1.0,4.627253046657032
1.0,6.197282383057981
1.0,7.767311719458945
1.0,9.337341055859895
1.0,10.907370392260844
1.0,12.477399728661794
1.0,14.047429065062758
1.0,-86.43598244538617
1.0,-84.86595310898522
1.0,-83.29592377258426
1.0,-81.72589443618331
1.0,-80.15586509978236
1.0,-78.58583576338141
1.0,-77.01580642698045
1.0,-75.4457770905795
1.0,-73.87574775417855
1.0,-72.3057184177776
1.0,-70.73568908137663
1.0,-69.16565974497568
1.0,-67.59563040857472
1.0,-66.02560107217377
1.0,-64.45557173577282
1.0,-62.88554239937187
1.0,-61.315513062970915
1.0,-59.74548372656996
1.0,-58.17545439016901
1.0,-56.60542505376806
1.0,-55.0353957173671
1.0,-53.465366380966145
1.0,-51.895337044565196
1.0,-50.32530770816424
1.0,-48.75527837176328
1.0,-47.18524903536233
1.0,-45.615219698961376
1.0,-44.045190362560426
1.0,-42.47516102615947
1.0,-40.90513168975852
1.0,-39.33510235335756
1.0,-37.76507301695661
1.0,-36.195043680555656
1.0,-34.6250143441547
1.0,-33.05498500775375
1.0,-31.484955671352793
1.0,-29.914926334951844
1.0,-28.344896998550887
1.0,-26.774867662149937
1.0,-25.20483832574898
1.0,-23.63480898934803
1.0,-22.064779652947067
1.0,-20.494750316546117
1.0,-18.924720980145167
1.0,-17.354691643744218
1.0,-15.784662307343254
1.0,-14.214632970942304
1.0,-12.644603634541355
1.0,-11.07457429814039
1.0,-9.504544961739441
1.0,-7.934515625338491
1.0,-6.364486288937542
1.0,-4.794456952536578
1.0,-3.2244276161356282
1.0,-1.6543982797346786
1.0,-0.08436894333372891
1.0,1.485660393067235
1.0,3.0556897294681846
1.0,4.625719065869134
1.0,6.195748402270098
1.0,7.765777738671048
1.0,9.335807075071997
1.0,10.905836411472947
1.0,12.475865747873911
1.0,-88.007545762575
1.0,-86.43751642617406
1.0,-84.86748708977309
1.0,-83.29745775337214
1.0,-81.7274284169712
1.0,-80.15739908057024
1.0,-78.58736974416928
1.0,-77.01734040776833
1.0,-75.44731107136738
1.0,-73.87728173496643
1.0,-72.30725239856547
1.0,-70.73722306216452
1.0,-69.16719372576355
1.0,-67.5971643893626
1.0,-66.02713505296165
1.0,-64.4571057165607
1.0,-62.88707638015975
1.0,-61.31704704375879
1.0,-59.74701770735784
1.0,-58.17698837095689
1.0,-56.606959034555935
1.0,-55.03692969815498
1.0,-53.46690036175403
1.0,-51.89687102535307
1.0,-50.326841688952115
1.0,-48.756812352551165
1.0,-47.18678301615021
1.0,-45.61675367974926
1.0,-44.0467243433483
1.0,-42.47669500694735
1.0,-40.906665670546396
1.0,-39.336636334145446
1.0,-37.76660699774449
1.0,-36.19657766134353
1.0,-34.62654832494258
1.0,-33.056518988541626
1.0,-31.486489652140676
1.0,-29.91646031573972
1.0,-28.34643097933877
1.0,-26.776401642937813
1.0,-25.206372306536863
1.0,-23.6363429701359
1.0,-22.06631363373495
1.0,-20.496284297334
1.0,-18.92625496093305
1.0,-17.356225624532087
1.0,-15.786196288131137
1.0,-14.216166951730187
1.0,-12.646137615329224
1.0,-11.076108278928274
1.0,-9.506078942527324
1.0,-7.936049606126375
1.0,-6.366020269725411
1.0,-4.795990933324461
1.0,-3.2259615969235114
1.0,-1.6559322605225617
1.0,-0.08590292412159783
1.0,1.4841264122793518
1.0,3.0541557486803015
1.0,4.624185085081265
1.0,6.194214421482215
1.0,7.764243757883165
1.0,9.334273094284114
1.0,10.904302430685078
1.0,-89.57910907976385
1.0,-88.0090797433629
1.0,-86.43905040696194
1.0,-84.86902107056099
1.0,-83.29899173416004
1.0,-81.72896239775909
1.0,-80.15893306135813
1.0,-78.58890372495718
1.0,-77.01887438855623
1.0,-75.44884505215526
1.0,-73.87881571575431
1.0,-72.30878637935336
1.0,-70.73875704295241
1.0,-69.16872770655145
1.0,-67.5986983701505
1.0,-66.02866903374955
1.0,-64.45863969734859
1.0,-62.88861036094764
1.0,-61.31858102454669
1.0,-59.74855168814574
1.0,-58.17852235174478
1.0,-56.608493015343825
1.0,-55.038463678942875
1.0,-53.46843434254192
1.0,-51.89840500614096
1.0,-50.32837566974001
1.0,-48.758346333339055
1.0,-47.188316996938106
1.0,-45.61828766053715
1.0,-44.0482583241362
1.0,-42.47822898773524
1.0,-40.90819965133429
1.0,-39.338170314933336
1.0,-37.76814097853238
1.0,-36.19811164213143
1.0,-34.62808230573047
1.0,-33.05805296932952
1.0,-31.488023632928567
1.0,-29.917994296527617
1.0,-28.34796496012666
1.0,-26.77793562372571
1.0,-25.207906287324747
1.0,-23.637876950923797
1.0,-22.067847614522847
1.0,-20.497818278121898
1.0,-18.927788941720934
1.0,-17.357759605319984
1.0,-15.787730268919034
1.0,-14.21770093251807
1.0,-12.64767159611712
1.0,-11.077642259716171
1.0,-9.507612923315222
1.0,-7.937583586914258
1.0,-6.367554250513308
1.0,-4.797524914112358
1.0,-3.2274955777114087
1.0,-1.6574662413104448
1.0,-0.08743690490949518
1.0,1.4825924314914545
1.0,3.0526217678924183
1.0,4.622651104293368
1.0,6.192680440694318
1.0,7.762709777095267
1.0,9.332739113496231
1.0,-91.15067239695269
1.0,-89.58064306055174
1.0,-88.01061372415077
1.0,-86.44058438774982
1.0,-84.87055505134887
1.0,-83.30052571494792
1.0,-81.73049637854696
1.0,-80.16046704214601
1.0,-78.59043770574506
1.0,-77.0204083693441
1.0,-75.45037903294315
1.0,-73.8803496965422
1.0,-72.31032036014125
1.0,-70.74029102374028
1.0,-69.17026168733933
1.0,-67.60023235093838
1.0,-66.03020301453742
1.0,-64.46017367813647
1.0,-62.89014434173552
1.0,-61.32011500533457
1.0,-59.750085668933615
1.0,-58.18005633253266
1.0,-56.61002699613171
1.0,-55.03999765973075
1.0,-53.469968323329795
1.0,-51.899938986928845
1.0,-50.32990965052789
1.0,-48.75988031412694
1.0,-47.18985097772598
1.0,-45.61982164132503
1.0,-44.049792304924075
1.0,-42.479762968523126
1.0,-40.90973363212217
1.0,-39.33970429572121
1.0,-37.76967495932026
1.0,-36.199645622919306
1.0,-34.629616286518356
1.0,-33.0595869501174
1.0,-31.48955761371645
1.0,-29.919528277315493
1.0,-28.349498940914543
1.0,-26.77946960451358
1.0,-25.20944026811263
1.0,-23.63941093171168
1.0,-22.06938159531073
1.0,-20.499352258909767
1.0,-18.929322922508817
1.0,-17.359293586107867
1.0,-15.789264249706903
1.0,-14.219234913305954
1.0,-12.649205576905004
1.0,-11.079176240504054
1.0,-9.50914690410309
1.0,-7.939117567702141
1.0,-6.369088231301191
1.0,-4.7990588949002415
1.0,-3.2290295584992776
1.0,-1.659000222098328
1.0,-0.08897088569737832
1.0,1.4810584507035855
1.0,3.051087787104535
1.0,4.621117123505485
1.0,6.1911464599064345
1.0,7.761175796307398
1.0,-92.72223571414153
1.0,-91.15220637774058
1.0,-89.58217704133962
1.0,-88.01214770493867
1.0,-86.44211836853772
1.0,-84.87208903213677
1.0,-83.3020596957358
1.0,-81.73203035933486
1.0,-80.16200102293391
1.0,-78.59197168653296
1.0,-77.021942350132
1.0,-75.45191301373104
1.0,-73.88188367733008
1.0,-72.31185434092913
1.0,-70.74182500452818
1.0,-69.17179566812723
1.0,-67.60176633172628
1.0,-66.03173699532532
1.0,-64.46170765892437
1.0,-62.89167832252342
1.0,-61.32164898612246
1.0,-59.751619649721505
1.0,-58.181590313320555
1.0,-56.6115609769196
1.0,-55.04153164051864
1.0,-53.47150230411769
1.0,-51.901472967716735
1.0,-50.331443631315786
1.0,-48.76141429491483
1.0,-47.19138495851388
1.0,-45.62135562211292
1.0,-44.05132628571197
1.0,-42.481296949311016
1.0,-40.91126761291006
1.0,-39.34123827650911
1.0,-37.77120894010815
1.0,-36.2011796037072
1.0,-34.631150267306246
1.0,-33.0611209309053
1.0,-31.49109159450434
1.0,-29.92106225810339
1.0,-28.351032921702426
1.0,-26.781003585301477
1.0,-25.210974248900527
1.0,-23.640944912499577
1.0,-22.070915576098614
1.0,-20.500886239697664
1.0,-18.930856903296714
1.0,-17.36082756689575
1.0,-15.7907982304948
1.0,-14.220768894093851
1.0,-12.650739557692901
1.0,-11.080710221291938
1.0,-9.510680884890988
1.0,-7.940651548490038
1.0,-6.3706222120890885
1.0,-4.800592875688125
1.0,-3.230563539287175
1.0,-1.6605342028862253
1.0,-0.09050486648526146
1.0,1.4795244699156882
1.0,3.049553806316638
1.0,4.6195831427175875
1.0,6.189612479118551
1.0,-94.29379903133037
1.0,-92.72376969492942
1.0,-91.15374035852845
1.0,-89.5837110221275
1.0,-88.01368168572655
1.0,-86.4436523493256
1.0,-84.87362301292464
1.0,-83.30359367652369
1.0,-81.73356434012274
1.0,-80.16353500372179
1.0,-78.59350566732083
1.0,-77.02347633091988
1.0,-75.45344699451891
1.0,-73.88341765811796
1.0,-72.31338832171701
1.0,-70.74335898531606
1.0,-69.17332964891511
1.0,-67.60330031251415
1.0,-66.0332709761132
1.0,-64.46324163971225
1.0,-62.893212303311294
1.0,-61.32318296691034
1.0,-59.75315363050939
1.0,-58.18312429410843
1.0,-56.613094957707474
1.0,-55.043065621306525
1.0,-53.47303628490557
1.0,-51.90300694850462
1.0,-50.33297761210366
1.0,-48.76294827570271
1.0,-47.192918939301755
1.0,-45.622889602900806
1.0,-44.05286026649985
1.0,-42.48283093009889
1.0,-40.91280159369794
1.0,-39.342772257296986
1.0,-37.772742920896036
1.0,-36.20271358449508
1.0,-34.63268424809413
1.0,-33.06265491169317
1.0,-31.492625575292223
1.0,-29.92259623889126
1.0,-28.35256690249031
1.0,-26.78253756608936
1.0,-25.21250822968841
1.0,-23.642478893287446
1.0,-22.072449556886497
1.0,-20.502420220485547
1.0,-18.932390884084583
1.0,-17.362361547683633
1.0,-15.792332211282684
1.0,-14.222302874881734
1.0,-12.65227353848077
1.0,-11.08224420207982
1.0,-9.512214865678871
1.0,-7.942185529277921
1.0,-6.3721561928769574
1.0,-4.802126856476008
1.0,-3.232097520075058
1.0,-1.6620681836740943
1.0,-0.0920388472731446
1.0,1.477990489127805
1.0,3.0480198255287547
1.0,4.618049161929719
1.0,-95.86536234851921
1.0,-94.29533301211826
1.0,-92.7253036757173
1.0,-91.15527433931635
1.0,-89.5852450029154
1.0,-88.01521566651445
1.0,-86.44518633011349
1.0,-84.87515699371254
1.0,-83.30512765731159
1.0,-81.73509832091062
1.0,-80.16506898450967
1.0,-78.59503964810872
1.0,-77.02501031170777
1.0,-75.45498097530681
1.0,-73.88495163890586
1.0,-72.31492230250491
1.0,-70.74489296610395
1.0,-69.174863629703
1.0,-67.60483429330205
1.0,-66.0348049569011
1.0,-64.46477562050015
1.0,-62.894746284099185
1.0,-61.324716947698235
1.0,-59.75468761129728
1.0,-58.18465827489632
1.0,-56.61462893849537
1.0,-55.044599602094415
1.0,-53.474570265693465
1.0,-51.90454092929251
1.0,-50.33451159289156
1.0,-48.7644822564906
1.0,-47.19445292008965
1.0,-45.624423583688696
1.0,-44.05439424728774
1.0,-42.48436491088679
1.0,-40.91433557448583
1.0,-39.34430623808488
1.0,-37.774276901683926
1.0,-36.20424756528298
1.0,-34.63421822888202
1.0,-33.06418889248107
1.0,-31.494159556080106
1.0,-29.924130219679157
1.0,-28.354100883278207
1.0,-26.784071546877257
1.0,-25.214042210476293
1.0,-23.644012874075344
1.0,-22.073983537674394
1.0,-20.50395420127343
1.0,-18.93392486487248
1.0,-17.36389552847153
1.0,-15.793866192070581
1.0,-14.223836855669617
1.0,-12.653807519268668
1.0,-11.083778182867718
1.0,-9.513748846466768
1.0,-7.9437195100658045
1.0,-6.373690173664855
1.0,-4.803660837263905
1.0,-3.2336315008629413
1.0,-1.6636021644619916
1.0,-0.09357282806104195
1.0,1.4764565083399077
1.0,3.0464858447408716
1.0,-97.43692566570805
1.0,-95.8668963293071
1.0,-94.29686699290613
1.0,-92.72683765650518
1.0,-91.15680832010423
1.0,-89.58677898370328
1.0,-88.01674964730232
1.0,-86.44672031090137
1.0,-84.87669097450042
1.0,-83.30666163809946
1.0,-81.7366323016985
1.0,-80.16660296529756
1.0,-78.5965736288966
1.0,-77.02654429249564
1.0,-75.4565149560947
1.0,-73.88648561969374
1.0,-72.31645628329278
1.0,-70.74642694689183
1.0,-69.17639761049088
1.0,-67.60636827408993
1.0,-66.03633893768898
1.0,-64.46630960128802
1.0,-62.89628026488707
1.0,-61.32625092848611
1.0,-59.756221592085154
1.0,-58.186192255684205
1.0,-56.61616291928325
1.0,-55.0461335828823
1.0,-53.47610424648134
1.0,-51.90607491008039
1.0,-50.336045573679435
1.0,-48.766016237278485
1.0,-47.19598690087753
1.0,-45.62595756447657
1.0,-44.05592822807562
1.0,-42.485898891674665
1.0,-40.915869555273716
1.0,-39.34584021887276
1.0,-37.77581088247181
1.0,-36.20578154607085
1.0,-34.6357522096699
1.0,-33.06572287326894
1.0,-31.49569353686799
1.0,-29.92566420046704
1.0,-28.35563486406609
1.0,-26.785605527665126
1.0,-25.215576191264176
1.0,-23.645546854863227
1.0,-22.075517518462263
1.0,-20.505488182061313
1.0,-18.935458845660364
1.0,-17.365429509259414
1.0,-15.79540017285845
1.0,-14.2253708364575
1.0,-12.65534150005655
1.0,-11.085312163655601
1.0,-9.515282827254637
1.0,-7.945253490853688
1.0,-6.375224154452738
1.0,-4.805194818051774
1.0,-3.2351654816508244
1.0,-1.6651361452498747
1.0,-0.09510680884892508
1.0,1.4749225275520388
1.0,-99.00848898289689
1.0,-97.43845964649594
1.0,-95.86843031009498
1.0,-94.29840097369403
1.0,-92.72837163729308
1.0,-91.15834230089213
1.0,-89.58831296449117
1.0,-88.01828362809022
1.0,-86.44825429168927
1.0,-84.87822495528832
1.0,-83.30819561888735
1.0,-81.7381662824864
1.0,-80.16813694608544
1.0,-78.59810760968449
1.0,-77.02807827328354
1.0,-75.45804893688259
1.0,-73.88801960048164
1.0,-72.31799026408068
1.0,-70.74796092767973
1.0,-69.17793159127878
1.0,-67.60790225487781
1.0,-66.03787291847686
1.0,-64.46784358207591
1.0,-62.89781424567496
1.0,-61.327784909274
1.0,-59.75775557287305
1.0,-58.187726236472095
1.0,-56.617696900071145
1.0,-55.04766756367019
1.0,-53.47763822726924
1.0,-51.90760889086828
1.0,-50.33757955446733
1.0,-48.767550218066376
1.0,-47.19752088166542
1.0,-45.62749154526447
1.0,-44.05746220886351
1.0,-42.48743287246256
1.0,-40.917403536061606
1.0,-39.347374199660656
1.0,-37.7773448632597
1.0,-36.20731552685875
1.0,-34.637286190457786
1.0,-33.067256854056836
1.0,-31.497227517655887
1.0,-29.927198181254937
1.0,-28.357168844853973
1.0,-26.787139508453023
1.0,-25.217110172052074
1.0,-23.64708083565111
1.0,-22.07705149925016
1.0,-20.50702216284921
1.0,-18.93699282644826
1.0,-17.366963490047297
1.0,-15.796934153646347
1.0,-14.226904817245398
1.0,-12.656875480844448
1.0,-11.086846144443484
1.0,-9.516816808042535
1.0,-7.946787471641585
1.0,-6.376758135240621
1.0,-4.806728798839671
1.0,-3.2366994624387218
1.0,-1.666670126037772
1.0,-0.09664078963680822